,Model,n Selected,Method,best_params,Best Accuracy,Train Accuracy,Test Accuracy,Precision,Recall,MCC,F1,conf_mat,Prediction,predict_proba,Features,estimator,classification_report,Train Time CPU,Train Time Wall,n_iter
33,HistGB,75,Permutation Importance - Random Forest,"{'min_samples_leaf': 30, 'max_leaf_nodes': 50, 'max_iter': 50, 'max_depth': 6, 'learning_rate': 0.1, 'l2_regularization': 10}",0.6590070227012903,0.9527458492975734,0.6887755102040817,0.6826499991135995,0.6887755102040817,0.45838560808020734,0.6702052130623558,"[[27 14  2]
 [ 5 92  9]
 [ 3 28 16]]","[1 1 1 1 1 1 0 1 1 1 1 1 0 1 1 1 1 1 1 0 0 1 1 1 0 1 2 1 1 2 1 2 1 1 1 1 1
 2 1 1 0 2 1 1 1 1 1 1 1 1 1 1 1 0 1 1 1 1 2 2 1 0 2 1 1 1 1 2 1 1 0 0 1 1
 1 1 2 1 0 1 1 0 1 1 1 1 1 0 1 1 0 2 1 2 2 1 1 1 0 1 0 1 0 1 1 2 0 0 0 1 1
 1 0 2 1 1 0 1 1 1 2 1 1 2 1 1 1 0 1 1 1 2 0 2 1 1 1 2 0 1 1 1 1 2 1 1 1 1
 0 1 1 0 1 2 2 1 1 1 1 1 1 2 1 0 1 1 0 1 2 1 1 1 1 1 0 1 1 2 2 1 1 0 1 0 1
 0 0 1 1 0 1 1 1 1 1 1]","[[0.10084077 0.87190891 0.02725032]
 [0.05519895 0.84253525 0.1022658 ]
 [0.0396036  0.54502439 0.41537201]
 [0.07152085 0.86406854 0.06441062]
 [0.24895651 0.42527097 0.32577252]
 [0.30642179 0.45774549 0.23583272]
 [0.75001291 0.23957355 0.01041354]
 [0.09048357 0.76956283 0.13995361]
 [0.05983042 0.80904538 0.1311242 ]
 [0.06516648 0.66397346 0.27086006]
 [0.39038383 0.5781627  0.03145347]
 [0.39274859 0.52730992 0.07994149]
 [0.43353231 0.4193093  0.14715839]
 [0.08040522 0.70778956 0.21180522]
 [0.05821888 0.83346554 0.10831558]
 [0.07653668 0.56033729 0.36312603]
 [0.41041141 0.54746041 0.04212818]
 [0.07397295 0.51150509 0.41452196]
 [0.03377821 0.83741211 0.12880969]
 [0.55969126 0.30532409 0.13498465]
 [0.93937709 0.0531388  0.00748411]
 [0.03232291 0.6796857  0.28799138]
 [0.05279373 0.84726128 0.09994499]
 [0.05777577 0.85156982 0.09065442]
 [0.91429458 0.05893149 0.02677393]
 [0.06638942 0.60457464 0.32903595]
 [0.07333125 0.25468991 0.67197884]
 [0.26327509 0.68036572 0.05635919]
 [0.03125474 0.82471491 0.14403035]
 [0.01115082 0.39543999 0.5934092 ]
 [0.19210153 0.43901207 0.3688864 ]
 [0.05572243 0.29957897 0.64469859]
 [0.05699069 0.74762147 0.19538784]
 [0.05194511 0.65399587 0.29405901]
 [0.02884889 0.81387302 0.15727809]
 [0.04936192 0.63244873 0.31818934]
 [0.02123384 0.59276362 0.38600254]
 [0.02171435 0.47830769 0.49997795]
 [0.1032549  0.81926019 0.07748491]
 [0.08782619 0.69780326 0.21437056]
 [0.96783737 0.02565686 0.00650577]
 [0.07444123 0.22708759 0.69847118]
 [0.1832375  0.75883357 0.05792893]
 [0.0286268  0.51951668 0.45185652]
 [0.21271146 0.4686225  0.31866604]
 [0.19026366 0.42918667 0.38054968]
 [0.03139    0.86762373 0.10098627]
 [0.11219717 0.79685613 0.09094671]
 [0.01870115 0.69012197 0.29117689]
 [0.17934463 0.74787301 0.07278237]
 [0.01431132 0.53032181 0.45536687]
 [0.04020499 0.68010656 0.27968845]
 [0.26034875 0.6112369  0.12841435]
 [0.94784099 0.04049858 0.01166043]
 [0.11028928 0.71062833 0.17908239]
 [0.37698292 0.58832504 0.03469204]
 [0.13779014 0.57983426 0.2823756 ]
 [0.27870328 0.69704562 0.0242511 ]
 [0.05883534 0.46273003 0.47843463]
 [0.02304025 0.36023765 0.6167221 ]
 [0.01709511 0.55168088 0.43122401]
 [0.97159329 0.02084276 0.00756396]
 [0.05711894 0.35998942 0.58289164]
 [0.41958126 0.43021116 0.15020758]
 [0.11491224 0.86567665 0.01941112]
 [0.04824702 0.60538615 0.34636682]
 [0.3516024  0.61063958 0.03775802]
 [0.0719666  0.27634398 0.65168942]
 [0.09171316 0.71236125 0.1959256 ]
 [0.06424613 0.88339389 0.05235999]
 [0.57055771 0.33855536 0.09088693]
 [0.39679287 0.34024552 0.26296161]
 [0.02428581 0.8048495  0.1708647 ]
 [0.04642877 0.61392045 0.33965078]
 [0.17136859 0.67490455 0.15372686]
 [0.01616932 0.91288546 0.07094522]
 [0.15779188 0.2773136  0.56489452]
 [0.06915405 0.62262484 0.30822111]
 [0.54180835 0.44151383 0.01667782]
 [0.06004459 0.81541922 0.12453619]
 [0.10476114 0.86154579 0.03369307]
 [0.92644304 0.05121325 0.02234371]
 [0.0768665  0.80683367 0.11629984]
 [0.05703967 0.64258572 0.30037461]
 [0.39251355 0.56197865 0.0455078 ]
 [0.15117532 0.55065294 0.29817174]
 [0.03958801 0.89584293 0.06456906]
 [0.59466648 0.36576747 0.03956605]
 [0.40032961 0.52049046 0.07917993]
 [0.0535184  0.87344305 0.07303855]
 [0.7100553  0.26939344 0.02055126]
 [0.10977941 0.42044222 0.46977837]
 [0.07072644 0.59224501 0.33702855]
 [0.31838841 0.30658908 0.37502251]
 [0.04148246 0.43613661 0.52238093]
 [0.02736078 0.95239851 0.02024071]
 [0.20511913 0.65823947 0.1366414 ]
 [0.00986818 0.58206296 0.40806886]
 [0.87354469 0.10346091 0.0229944 ]
 [0.0709215  0.68311817 0.24596032]
 [0.92849069 0.0569293  0.01458001]
 [0.03141605 0.62196364 0.34662031]
 [0.96146481 0.02981013 0.00872506]
 [0.0394372  0.91311127 0.04745154]
 [0.08005241 0.90011462 0.01983296]
 [0.00894108 0.32471784 0.66634108]
 [0.82650581 0.1536495  0.01984469]
 [0.88927127 0.10147831 0.00925042]
 [0.78213821 0.15539751 0.06246428]
 [0.08646228 0.55072829 0.36280943]
 [0.0646879  0.79212516 0.14318694]
 [0.07640848 0.46349375 0.46009778]
 [0.90700957 0.0821913  0.01079913]
 [0.11318247 0.35902558 0.52779195]
 [0.15451687 0.59968872 0.2457944 ]
 [0.05708515 0.8788263  0.06408855]
 [0.95862257 0.03394891 0.00742852]
 [0.04668703 0.86324088 0.09007208]
 [0.09375939 0.50111652 0.40512409]
 [0.21238302 0.59218262 0.19543435]
 [0.05109341 0.28995142 0.65895517]
 [0.07347342 0.80046847 0.12605811]
 [0.12743416 0.82595487 0.04661097]
 [0.15703507 0.35484166 0.48812327]
 [0.03130731 0.77451651 0.19417618]
 [0.06237142 0.86119035 0.07643823]
 [0.03861427 0.90937231 0.05201341]
 [0.93520555 0.05435593 0.01043852]
 [0.15251633 0.6480739  0.19940977]
 [0.12398416 0.62449037 0.25152547]
 [0.02606777 0.61304547 0.36088675]
 [0.02276202 0.25740671 0.71983127]
 [0.96588636 0.02677486 0.00733878]
 [0.27698488 0.35237407 0.37064105]
 [0.12942451 0.69029693 0.18027856]
 [0.05639065 0.69944507 0.24416428]
 [0.2891077  0.50184082 0.20905148]
 [0.01350493 0.4483581  0.53813697]
 [0.92096715 0.06889707 0.01013578]
 [0.1685866  0.57586282 0.25555058]
 [0.07354607 0.84698273 0.0794712 ]
 [0.30426217 0.64597114 0.04976669]
 [0.04769682 0.57794284 0.37436034]
 [0.0607177  0.37918245 0.56009985]
 [0.02706078 0.93803319 0.03490603]
 [0.01630904 0.77885229 0.20483867]
 [0.05023776 0.78376134 0.16600089]
 [0.0188829  0.65392942 0.32718769]
 [0.74724164 0.23823695 0.01452141]
 [0.05012121 0.55161186 0.39826693]
 [0.07666302 0.50863956 0.41469743]
 [0.82276457 0.16275012 0.01448531]
 [0.01521715 0.85354116 0.13124169]
 [0.02822853 0.37430236 0.59746911]
 [0.08410818 0.30798957 0.60790225]
 [0.01715865 0.64679414 0.33604721]
 [0.02577323 0.59789478 0.37633199]
 [0.10659549 0.46239377 0.43101074]
 [0.43152392 0.46451559 0.10396049]
 [0.38465842 0.58720948 0.02813211]
 [0.1410573  0.64577963 0.21316306]
 [0.25765148 0.30106812 0.4412804 ]
 [0.03245603 0.64120902 0.32633495]
 [0.90490733 0.07929472 0.01579795]
 [0.28251926 0.61024903 0.10723171]
 [0.07618411 0.86925685 0.05455905]
 [0.7245754  0.24361603 0.03180857]
 [0.37072928 0.47668507 0.15258565]
 [0.06196417 0.29090477 0.64713106]
 [0.28469478 0.47054481 0.24476041]
 [0.15195293 0.7669177  0.08112937]
 [0.15551397 0.76215329 0.08233274]
 [0.02550517 0.93672699 0.03776784]
 [0.02590612 0.956744   0.01734989]
 [0.76883295 0.19726303 0.03390401]
 [0.11009183 0.83733181 0.05257636]
 [0.0303752  0.81998863 0.14963617]
 [0.11410062 0.42587185 0.46002753]
 [0.07388557 0.41683052 0.50928391]
 [0.07322162 0.84781911 0.07895926]
 [0.09068232 0.71345473 0.19586295]
 [0.95296709 0.03990205 0.00713085]
 [0.28316723 0.6007389  0.11609388]
 [0.841783   0.12516013 0.03305687]
 [0.09218308 0.69062011 0.2171968 ]
 [0.49011319 0.42276222 0.08712459]
 [0.36803221 0.2664968  0.36547099]
 [0.01427894 0.88506698 0.10065408]
 [0.08549878 0.72990828 0.18459294]
 [0.95621782 0.03299814 0.01078404]
 [0.05687122 0.67515648 0.2679723 ]
 [0.04809811 0.84473891 0.10716298]
 [0.34677291 0.58815847 0.06506861]
 [0.01901297 0.85958098 0.12140605]
 [0.07614289 0.51252805 0.41132906]
 [0.0707335  0.70188234 0.22738415]]","['Total Students 2018-2019', 'Total Students 2020-2021', 'Labor Force Diff', 'Employed Diff', 'Median Age Male 10', '# of Households 10', 'Avg Household Size 10', '# of Families 10', 'Avg Family Size 10', '# of Housing Units 10', 'County Population', 'CARES ESSER I 20', '% School-wide Title I 2020-2021', '% School-wide Title I 2018-2019', 'Teachers:Students 2020-2021', 'Teachers:Students 2018-2019', 'Staff:Students 2020-2021', 'Staff:Students 2018-2019', '% Free Lunch 2020-2021', '% Free Lunch 2018-2019', '% Reduced-price Lunch 2020-2021', '% Asian or Asian/Pacific Islander Students 2020-2021', '% Asian or Asian/Pacific Islander Students 2018-2019', '% Hispanic Students 2020-2021', '% Black or African American Students 2020-2021', '% Black or African American Students 2018-2019', '% Grades 1-8 2020-2021', '% Grades 1-8 2018-2019', '% Grades 9-12 2020-2021', '% Prek 2020-2021', '% K 2020-2021', '% K 2018-2019', '% ADA 2018-2019', '% ADA 2020-2021', '% Students Tested Math - Grade 4 2018-2019', '% Students Tested Math - Grade 5 2018-2019', '% Students Tested Math - Grade 6 2018-2019', '% Students Tested Math - Grade 8 2018-2019', '% Students Tested Math - Grade 3 2020-2021', '% Students Tested Math - Grade 4 2020-2021', '% Students Tested Math - Grade 5 2020-2021', '% Students Tested Math - Grade 6 2020-2021', '% Students Tested Math - Grade 7 2020-2021', '% Students Tested Math - Grade 8 2020-2021', 'Average Score Math All Grade 3 2018-2019', 'Average Score Math All Grade 4 2018-2019', 'Average Score Math All Grade 5 2018-2019', 'Average Score Math All Grade 6 2018-2019', 'Average Score Math All Grade 7 2018-2019', 'Average Score Math All Grade 8 2018-2019', '% County Infected 09/28/20', '% County Deaths 09/28/20', '% County Infected 10/30/20', '% County Infected 01/29/21', '% County Deaths 01/29/21', '% On Campus 09/28/20', '% On Campus 10/30/20', '% Black Pop 10', '% Hispanic Pop 10', '% Male Pop 10', '% Age 0-4 Pop 10', '% Age 5-9 Pop 10', '% Age 15-19 Pop 10', '% Age 20-24 Pop 10', '% Age 35-44 Pop 10', '% Age 65-74 Pop 10', '% HH 1 Male 10', '% HH 1 Female 10', '% HH Married-Child 10', '% HH Married-noChild 10', '% HH Male-Child 10', '% HH Female-Child 10', '% Housing Owner Occup 10', '% Housing Renter Occup 10', 'Locale_42-Rural: Distant']","HistGradientBoostingClassifier(categorical_features=[74], early_stopping=True,
                               l2_regularization=10, max_depth=6, max_iter=50,
                               max_leaf_nodes=50, min_samples_leaf=30,
                               n_iter_no_change=20, random_state=123)","              precision    recall  f1-score   support

           0       0.77      0.63      0.69        43
           1       0.69      0.87      0.77       106
           2       0.59      0.34      0.43        47

    accuracy                           0.69       196
   macro avg       0.68      0.61      0.63       196
weighted avg       0.68      0.69      0.67       196
",13.15625,115.69166207313538,432
4,CatBoost,107,Permutation Importance - Ridge,"{'random_strength': 5, 'min_data_in_leaf': 5, 'learning_rate': 0.1, 'l2_leaf_reg': 10, 'iterations': 100, 'depth': 3}",0.6462273395394413,0.6998722860791826,0.6836734693877551,0.7212757830404889,0.6836734693877551,0.45634696832999677,0.6366345054583509,"[[27 16  0]
 [ 5 99  2]
 [ 1 38  8]]","[[1]
 [1]
 [1]
 [1]
 [2]
 [2]
 [0]
 [1]
 [1]
 [1]
 [1]
 [1]
 [1]
 [1]
 [1]
 [1]
 [1]
 [1]
 [1]
 [0]
 [0]
 [1]
 [1]
 [1]
 [0]
 [1]
 [1]
 [1]
 [1]
 [1]
 [1]
 [1]
 [1]
 [1]
 [1]
 [1]
 [1]
 [1]
 [1]
 [1]
 [0]
 [2]
 [1]
 [1]
 [1]
 [1]
 [1]
 [1]
 [1]
 [1]
 [1]
 [1]
 [1]
 [0]
 [1]
 [1]
 [1]
 [1]
 [2]
 [1]
 [1]
 [0]
 [1]
 [1]
 [1]
 [1]
 [1]
 [2]
 [1]
 [1]
 [1]
 [1]
 [1]
 [1]
 [1]
 [1]
 [2]
 [1]
 [0]
 [1]
 [1]
 [0]
 [1]
 [1]
 [1]
 [1]
 [1]
 [0]
 [1]
 [1]
 [0]
 [1]
 [1]
 [1]
 [1]
 [1]
 [1]
 [1]
 [0]
 [1]
 [0]
 [1]
 [0]
 [1]
 [1]
 [1]
 [0]
 [0]
 [0]
 [1]
 [1]
 [1]
 [0]
 [2]
 [1]
 [1]
 [0]
 [1]
 [1]
 [1]
 [1]
 [1]
 [1]
 [1]
 [1]
 [1]
 [1]
 [0]
 [1]
 [1]
 [1]
 [1]
 [0]
 [1]
 [1]
 [1]
 [1]
 [1]
 [0]
 [1]
 [1]
 [0]
 [1]
 [1]
 [1]
 [1]
 [1]
 [1]
 [0]
 [1]
 [1]
 [0]
 [1]
 [1]
 [1]
 [1]
 [1]
 [1]
 [0]
 [1]
 [1]
 [1]
 [1]
 [0]
 [1]
 [1]
 [0]
 [1]
 [1]
 [1]
 [1]
 [1]
 [1]
 [1]
 [0]
 [1]
 [1]
 [2]
 [2]
 [1]
 [1]
 [0]
 [1]
 [0]
 [1]
 [1]
 [0]
 [1]
 [1]
 [0]
 [1]
 [1]
 [1]
 [1]
 [1]
 [2]]","[[0.08589098 0.73781645 0.17629257]
 [0.09223174 0.60228372 0.30548454]
 [0.05902355 0.54108567 0.39989078]
 [0.08248753 0.67317304 0.24433943]
 [0.1682738  0.40014109 0.4315851 ]
 [0.10059977 0.44229469 0.45710554]
 [0.84977875 0.13529227 0.01492898]
 [0.15961779 0.59575525 0.24462697]
 [0.11899595 0.65768463 0.22331941]
 [0.06683232 0.61095666 0.32221102]
 [0.32839397 0.61705516 0.05455087]
 [0.11445029 0.59870425 0.28684546]
 [0.20184174 0.65739255 0.14076571]
 [0.08184899 0.56027548 0.35787554]
 [0.13048092 0.60296774 0.26655134]
 [0.26661206 0.4843082  0.24907974]
 [0.176504   0.6866477  0.13684831]
 [0.06201377 0.49177484 0.44621139]
 [0.06414758 0.6075028  0.32834963]
 [0.64017149 0.28789335 0.07193516]
 [0.90558828 0.08100752 0.01340421]
 [0.07546775 0.7509928  0.17353945]
 [0.11259724 0.74171972 0.14568303]
 [0.08172924 0.66018502 0.25808574]
 [0.88706883 0.09269651 0.02023466]
 [0.07905795 0.6073557  0.31358635]
 [0.11134526 0.45365598 0.43499876]
 [0.17225305 0.72971439 0.09803256]
 [0.07557363 0.74181512 0.18261125]
 [0.06891068 0.54330681 0.3877825 ]
 [0.19705878 0.646087   0.15685422]
 [0.06265326 0.49934743 0.43799931]
 [0.08817456 0.68341511 0.22841033]
 [0.10340984 0.64004563 0.25654453]
 [0.20735523 0.69508411 0.09756065]
 [0.10003191 0.56365677 0.33631131]
 [0.06762672 0.70433266 0.22804062]
 [0.05112001 0.57252549 0.3763545 ]
 [0.14892256 0.67739006 0.17368738]
 [0.10277872 0.61217174 0.28504954]
 [0.9272524  0.06062166 0.01212594]
 [0.12912177 0.39278601 0.47809222]
 [0.25264638 0.64198646 0.10536716]
 [0.08395648 0.58347011 0.33257342]
 [0.13792731 0.4940184  0.36805429]
 [0.13171327 0.45936225 0.40892448]
 [0.08062138 0.70056292 0.21881569]
 [0.12845793 0.69366757 0.1778745 ]
 [0.0510967  0.5664852  0.3824181 ]
 [0.11232328 0.7021203  0.18555642]
 [0.08326327 0.5096261  0.40711063]
 [0.08805553 0.71443121 0.19751326]
 [0.26089134 0.60562262 0.13348604]
 [0.89407293 0.0933944  0.01253267]
 [0.1610977  0.6286873  0.210215  ]
 [0.33417668 0.59967695 0.06614637]
 [0.13651858 0.72920743 0.13427399]
 [0.18062701 0.69507323 0.12429977]
 [0.09260337 0.42040867 0.48698796]
 [0.07377858 0.61554504 0.31067638]
 [0.06215837 0.6873505  0.25049113]
 [0.89640153 0.08458778 0.01901069]
 [0.08517391 0.55838548 0.35644061]
 [0.20199451 0.59099947 0.20700602]
 [0.20326449 0.73244959 0.06428591]
 [0.05403773 0.61487203 0.33109024]
 [0.33952512 0.60186872 0.05860616]
 [0.1152186  0.3815705  0.5032109 ]
 [0.15826033 0.70214796 0.13959171]
 [0.06343415 0.70071152 0.23585434]
 [0.25591582 0.59959544 0.14448874]
 [0.09754291 0.65765995 0.24479715]
 [0.07539971 0.60233108 0.32226921]
 [0.06303699 0.65722869 0.27973432]
 [0.13280163 0.71606232 0.15113605]
 [0.08693785 0.70534481 0.20771735]
 [0.16942253 0.38036181 0.45021566]
 [0.09563463 0.64210559 0.26225978]
 [0.58983157 0.36359631 0.04657212]
 [0.12736135 0.68101289 0.19162576]
 [0.24064561 0.69293771 0.06641667]
 [0.69178284 0.21783374 0.09038342]
 [0.16501638 0.63618231 0.1988013 ]
 [0.0821244  0.64705271 0.27082288]
 [0.20600046 0.64447422 0.14952532]
 [0.14684206 0.46152738 0.39163056]
 [0.09866    0.71752222 0.18381778]
 [0.48476147 0.39812591 0.11711262]
 [0.4035619  0.50746108 0.08897702]
 [0.12007257 0.74010174 0.13982569]
 [0.49453427 0.42994156 0.07552417]
 [0.07312711 0.59276165 0.33411124]
 [0.07621564 0.65996105 0.26382331]
 [0.19595438 0.48335115 0.32069447]
 [0.13443454 0.5940731  0.27149236]
 [0.17833086 0.72730207 0.09436706]
 [0.1660115  0.55713249 0.27685601]
 [0.05103994 0.64187773 0.30708233]
 [0.76047015 0.20003333 0.03949652]
 [0.06495056 0.6349992  0.30005024]
 [0.59396731 0.31579716 0.09023553]
 [0.07411113 0.54270263 0.38318625]
 [0.92449688 0.06203666 0.01346646]
 [0.0805556  0.72023572 0.19920868]
 [0.24754282 0.69657171 0.05588547]
 [0.10653225 0.57790834 0.31555941]
 [0.71555784 0.25187349 0.03256867]
 [0.79185456 0.18769406 0.02045138]
 [0.75662166 0.17206491 0.07131343]
 [0.08779668 0.48010087 0.43210245]
 [0.15114268 0.6498714  0.19898593]
 [0.07640358 0.68882671 0.23476971]
 [0.79087825 0.18720752 0.02191422]
 [0.08586655 0.43325295 0.4808805 ]
 [0.28710932 0.51525193 0.19763875]
 [0.06715607 0.69807235 0.23477158]
 [0.87851997 0.09786672 0.02361332]
 [0.1618867  0.63838937 0.19972393]
 [0.05278199 0.4975644  0.4496536 ]
 [0.15245943 0.6018678  0.24567277]
 [0.14278923 0.50731431 0.34989647]
 [0.1115239  0.73759594 0.15088016]
 [0.2324527  0.69843859 0.06910871]
 [0.21244932 0.49784554 0.28970514]
 [0.05836814 0.55884699 0.38278486]
 [0.07328661 0.76120686 0.16550652]
 [0.15467813 0.67017356 0.1751483 ]
 [0.86265244 0.11316651 0.02418105]
 [0.25892968 0.60447954 0.13659077]
 [0.12573581 0.54336518 0.33089901]
 [0.069818   0.58398247 0.34619953]
 [0.09596998 0.46457609 0.43945393]
 [0.92831235 0.06009547 0.01159217]
 [0.17079819 0.53294691 0.2962549 ]
 [0.07510194 0.66407917 0.26081889]
 [0.09429138 0.66042809 0.24528053]
 [0.21519467 0.58432043 0.20048491]
 [0.07207013 0.64243235 0.28549752]
 [0.76583596 0.20302717 0.03113686]
 [0.13901786 0.55113197 0.30985016]
 [0.15437596 0.65080492 0.19481912]
 [0.67360437 0.29578776 0.03060787]
 [0.07908373 0.56905672 0.35185955]
 [0.06587404 0.66407556 0.2700504 ]
 [0.19330126 0.69797544 0.10872331]
 [0.07316566 0.68213253 0.24470181]
 [0.10342243 0.62893097 0.2676466 ]
 [0.08217281 0.65882707 0.25900013]
 [0.76795851 0.20981879 0.0222227 ]
 [0.0491924  0.63874522 0.31206238]
 [0.12037587 0.5316251  0.34799903]
 [0.85436094 0.12709029 0.01854878]
 [0.15950888 0.72094816 0.11954296]
 [0.04738512 0.50204591 0.45056897]
 [0.07374162 0.65165779 0.27460059]
 [0.05655095 0.52899893 0.41445012]
 [0.1143821  0.61080926 0.27480864]
 [0.11986876 0.54349494 0.3366363 ]
 [0.44338224 0.42758069 0.12903707]
 [0.21695503 0.70147207 0.0815729 ]
 [0.09058836 0.57734721 0.33206442]
 [0.23692015 0.51433116 0.24874869]
 [0.11877904 0.60421034 0.27701062]
 [0.60759129 0.35807105 0.03433766]
 [0.26668637 0.63372188 0.09959175]
 [0.15124594 0.73348761 0.11526645]
 [0.66191779 0.29878669 0.03929552]
 [0.17072018 0.53824989 0.29102993]
 [0.06498153 0.47868698 0.4563315 ]
 [0.12967388 0.66379667 0.20652945]
 [0.06937469 0.60560717 0.32501814]
 [0.09346713 0.76971594 0.13681693]
 [0.12977554 0.77624306 0.0939814 ]
 [0.18915384 0.73166235 0.0791838 ]
 [0.59093498 0.3267689  0.08229612]
 [0.1618316  0.72910707 0.10906133]
 [0.05716367 0.7174814  0.22535494]
 [0.14354886 0.40177264 0.4546785 ]
 [0.12923007 0.37466182 0.49610811]
 [0.11538644 0.62699186 0.2576217 ]
 [0.1441383  0.53042892 0.32543278]
 [0.89503772 0.08563094 0.01933134]
 [0.19951056 0.66391    0.13657944]
 [0.64237626 0.30975813 0.04786561]
 [0.12358902 0.47372176 0.40268922]
 [0.27712069 0.61462742 0.10825189]
 [0.36690186 0.35156969 0.28152845]
 [0.06219214 0.66847954 0.26932832]
 [0.08893012 0.59187384 0.31919605]
 [0.91679158 0.06704263 0.0161658 ]
 [0.07317026 0.54774902 0.37908072]
 [0.06721275 0.58672801 0.34605924]
 [0.1479599  0.69778774 0.15425236]
 [0.0815494  0.72788555 0.19056506]
 [0.07015966 0.68156258 0.24827775]
 [0.0669711  0.4493094  0.48371949]]","['Total Students 2018-2019', 'Total Students 2020-2021', 'Labor Force Diff', 'Employed Diff', 'Unemployed Level Diff', 'Median Age 10', 'Median Age Male 10', 'Median Age Female 10', '# of Households 10', 'Avg Household Size 10', '# of Families 10', 'Avg Family Size 10', '# of Housing Units 10', 'County Population', 'CARES ESSER I 20', '% School-wide Title I 2020-2021', '% School-wide Title I 2018-2019', '% Title I Eligible School 2020-2021', '% Title I Eligible School 2018-2019', 'Teachers:Students 2020-2021', 'Teachers:Students 2018-2019', 'Staff:Students 2020-2021', 'Staff:Students 2018-2019', '% Free Lunch 2020-2021', '% Free Lunch 2018-2019', '% Reduced-price Lunch 2020-2021', '% Reduced-price Lunch 2018-2019', '% Asian or Asian/Pacific Islander Students 2020-2021', '% Asian or Asian/Pacific Islander Students 2018-2019', '% Hispanic Students 2020-2021', '% Hispanic Students 2018-2019', '% Black or African American Students 2020-2021', '% Black or African American Students 2018-2019', '% White Students 2020-2021', '% White Students 2018-2019', '% Grades 1-8 2018-2019', '% Grades 9-12 2020-2021', '% Grades 9-12 2018-2019', '% Prek 2020-2021', '% Prek 2018-2019', '% K 2020-2021', '% ADA 2018-2019', '% ADA 2020-2021', '% Students Tested Math - Grade 3 2018-2019', '% Students Tested Math - Grade 4 2018-2019', '% Students Tested Math - Grade 5 2018-2019', '% Students Tested Math - Grade 6 2018-2019', '% Students Tested Math - Grade 7 2018-2019', '% Students Tested Math - Grade 8 2018-2019', '% Students Tested Math - Grade 3 2020-2021', '% Students Tested Math - Grade 4 2020-2021', '% Students Tested Math - Grade 5 2020-2021', '% Students Tested Math - Grade 6 2020-2021', '% Students Tested Math - Grade 7 2020-2021', '% Students Tested Math - Grade 8 2020-2021', 'Average Score Math All Grade 3 2018-2019', 'Average Score Math All Grade 4 2018-2019', 'Average Score Math All Grade 5 2018-2019', 'Average Score Math All Grade 6 2018-2019', 'Average Score Math All Grade 7 2018-2019', 'Average Score Math All Grade 8 2018-2019', '% County Infected 09/28/20', '% County Deaths 09/28/20', '% County Infected 10/30/20', '% County Deaths 10/30/20', '% County Infected 01/29/21', '% County Deaths 01/29/21', '% On Campus 09/28/20', '% On Campus 10/30/20', '% On Campus 01/29/21', '% White Pop 10', '% Black Pop 10', '% Asian Pop 10', '% Hispanic Pop 10', '% Male Pop 10', '% Female Pop 10', '% Age 0-4 Pop 10', '% Age 5-9 Pop 10', '% Age 10-14 Pop 10', '% Age 15-19 Pop 10', '% Age 20-24 Pop 10', '% Age 25-34 Pop 10', '% Age 35-44 Pop 10', '% Age 45-54 Pop 10', '% Age 55-64 Pop 10', '% Age 65-74 Pop 10', '% Age 75-84 Pop 10', '% Age 85-Up Pop 10', '% HH 1 Male 10', '% HH 1 Female 10', '% HH Married-Child 10', '% HH Married-noChild 10', '% HH Male-Child 10', '% HH Female-Child 10', '% Housing Vacant 10', '% Housing Owner Occup 10', '% Housing Renter Occup 10', 'Total Schools Diff', '% Operational Schools Diff', 'Locale_12-City: Mid-size', 'Locale_21-Suburb: Large', 'Locale_22-Suburb: Mid-size', 'Locale_32-Town: Distant', 'Locale_33-Town: Remote', 'Locale_41-Rural: Fringe', 'Locale_42-Rural: Distant', 'Locale_43-Rural: Remote']",<catboost.core.CatBoostClassifier object at 0x000002159BE611B0>,"              precision    recall  f1-score   support

           0       0.82      0.63      0.71        43
           1       0.65      0.93      0.76       106
           2       0.80      0.17      0.28        47

    accuracy                           0.68       196
   macro avg       0.76      0.58      0.59       196
weighted avg       0.72      0.68      0.64       196
",5.578125,2071.2527470588684,100
2,CatBoost,57,Feature Importance - Random Forest,"{'random_strength': 0, 'min_data_in_leaf': 5, 'learning_rate': 0.1, 'l2_leaf_reg': 10, 'iterations': 200, 'depth': 6}",0.6615547934019272,0.8531289910600255,0.6785714285714286,0.7177410358082627,0.6785714285714286,0.4453816617475916,0.6324583176086936,"[[27 16  0]
 [ 6 98  2]
 [ 0 39  8]]","[[1]
 [1]
 [1]
 [1]
 [1]
 [1]
 [0]
 [1]
 [1]
 [1]
 [1]
 [1]
 [1]
 [1]
 [1]
 [1]
 [1]
 [1]
 [1]
 [0]
 [0]
 [1]
 [1]
 [1]
 [0]
 [1]
 [1]
 [1]
 [1]
 [1]
 [1]
 [2]
 [1]
 [1]
 [1]
 [1]
 [1]
 [1]
 [1]
 [1]
 [0]
 [2]
 [1]
 [1]
 [1]
 [1]
 [1]
 [1]
 [1]
 [1]
 [1]
 [1]
 [1]
 [0]
 [1]
 [1]
 [1]
 [1]
 [1]
 [1]
 [1]
 [0]
 [1]
 [1]
 [1]
 [1]
 [1]
 [2]
 [1]
 [1]
 [1]
 [1]
 [1]
 [1]
 [1]
 [1]
 [2]
 [1]
 [0]
 [1]
 [1]
 [0]
 [1]
 [1]
 [1]
 [1]
 [1]
 [1]
 [0]
 [1]
 [0]
 [1]
 [1]
 [1]
 [1]
 [1]
 [1]
 [1]
 [0]
 [1]
 [0]
 [2]
 [0]
 [1]
 [1]
 [1]
 [0]
 [0]
 [0]
 [1]
 [1]
 [1]
 [0]
 [2]
 [1]
 [1]
 [0]
 [1]
 [1]
 [1]
 [2]
 [1]
 [1]
 [1]
 [1]
 [1]
 [1]
 [0]
 [1]
 [1]
 [1]
 [1]
 [0]
 [2]
 [1]
 [1]
 [1]
 [1]
 [0]
 [1]
 [1]
 [0]
 [1]
 [1]
 [1]
 [1]
 [1]
 [1]
 [0]
 [1]
 [1]
 [0]
 [1]
 [2]
 [1]
 [1]
 [1]
 [1]
 [0]
 [1]
 [1]
 [1]
 [1]
 [0]
 [1]
 [1]
 [0]
 [1]
 [1]
 [1]
 [1]
 [1]
 [1]
 [1]
 [0]
 [1]
 [1]
 [1]
 [1]
 [1]
 [1]
 [0]
 [1]
 [0]
 [1]
 [1]
 [0]
 [1]
 [1]
 [0]
 [1]
 [1]
 [1]
 [1]
 [1]
 [2]]","[[0.10206615 0.741922   0.15601184]
 [0.07377811 0.60430016 0.32192173]
 [0.07553177 0.49392695 0.43054128]
 [0.08129457 0.77394551 0.14475992]
 [0.19004679 0.45563119 0.35432202]
 [0.1146596  0.55744599 0.32789441]
 [0.7853266  0.17100547 0.04366792]
 [0.19580899 0.59474305 0.20944796]
 [0.08424288 0.76584956 0.14990757]
 [0.05204754 0.66298404 0.28496842]
 [0.42000909 0.5145525  0.06543841]
 [0.14829393 0.58055548 0.27115059]
 [0.07391279 0.80624599 0.11984121]
 [0.09122836 0.45935014 0.4494215 ]
 [0.124911   0.60957486 0.26551414]
 [0.18498673 0.58226697 0.23274631]
 [0.14219005 0.7315661  0.12624385]
 [0.07042495 0.54074462 0.38883043]
 [0.06912088 0.61921579 0.31166333]
 [0.6005082  0.24569817 0.15379362]
 [0.87805501 0.08397649 0.0379685 ]
 [0.05386801 0.57748876 0.36864323]
 [0.09537199 0.7100545  0.19457351]
 [0.07472631 0.77835529 0.1469184 ]
 [0.87290925 0.08814702 0.03894373]
 [0.08521609 0.47911195 0.43567196]
 [0.11644144 0.48321487 0.40034369]
 [0.33113192 0.57643673 0.09243135]
 [0.06788581 0.80173737 0.13037682]
 [0.05990388 0.51509558 0.42500054]
 [0.10844917 0.7413804  0.15017044]
 [0.10196282 0.44731746 0.45071972]
 [0.07657535 0.72917031 0.19425434]
 [0.10049344 0.72782468 0.17168187]
 [0.21100339 0.67166381 0.1173328 ]
 [0.07263869 0.6469758  0.28038551]
 [0.04412979 0.67990462 0.2759656 ]
 [0.08075633 0.56983424 0.34940943]
 [0.16249859 0.74001408 0.09748734]
 [0.19673898 0.49740862 0.3058524 ]
 [0.946585   0.03807184 0.01534316]
 [0.11186878 0.43158709 0.45654413]
 [0.21739292 0.72216932 0.06043776]
 [0.09266515 0.46190882 0.44542603]
 [0.17852713 0.48827551 0.33319737]
 [0.08072699 0.60249121 0.31678179]
 [0.05322524 0.80044134 0.14633342]
 [0.09195194 0.78677754 0.12127051]
 [0.04165544 0.73762937 0.22071519]
 [0.07077606 0.84865549 0.08056844]
 [0.08802026 0.58493415 0.32704559]
 [0.09188762 0.61849387 0.28961851]
 [0.29335462 0.5691871  0.13745828]
 [0.90761835 0.06824898 0.02413267]
 [0.10772154 0.73058526 0.16169321]
 [0.20784208 0.71465975 0.07749817]
 [0.06933958 0.7843315  0.14632892]
 [0.40508474 0.5054729  0.08944236]
 [0.09565813 0.45432543 0.45001644]
 [0.05339164 0.58234377 0.36426459]
 [0.05846621 0.75618388 0.1853499 ]
 [0.91005096 0.06396925 0.02597979]
 [0.08823378 0.60179771 0.30996851]
 [0.20329077 0.50313447 0.29357476]
 [0.16994668 0.77761281 0.05244051]
 [0.04798674 0.6778836  0.27412966]
 [0.17927949 0.74903095 0.07168955]
 [0.14126069 0.42161727 0.43712203]
 [0.08226344 0.80003816 0.11769841]
 [0.096583   0.70451642 0.19890058]
 [0.26753554 0.60144583 0.13101863]
 [0.12039174 0.65074737 0.22886089]
 [0.09754414 0.60877151 0.29368435]
 [0.06649544 0.55818193 0.37532263]
 [0.10676197 0.77069003 0.122548  ]
 [0.13156088 0.71627955 0.15215957]
 [0.1260667  0.32778426 0.54614904]
 [0.10660649 0.61443399 0.27895952]
 [0.62354225 0.33579069 0.04066706]
 [0.09835872 0.71300765 0.18863363]
 [0.17665494 0.69824127 0.12510379]
 [0.73283116 0.14843226 0.11873658]
 [0.13544085 0.67521982 0.18933933]
 [0.06770124 0.66709807 0.26520068]
 [0.13873679 0.68964239 0.17162082]
 [0.09595673 0.56790665 0.33613662]
 [0.12460569 0.70728636 0.16810794]
 [0.39267099 0.43489361 0.1724354 ]
 [0.61964031 0.29733564 0.08302405]
 [0.07761354 0.80902469 0.11336177]
 [0.76780644 0.17839438 0.05379918]
 [0.06534541 0.51592066 0.41873392]
 [0.04806309 0.69112545 0.26081145]
 [0.11681194 0.5553141  0.32787396]
 [0.05457712 0.48431985 0.46110303]
 [0.08988363 0.84881184 0.06130452]
 [0.15122803 0.62494695 0.22382502]
 [0.04496162 0.57444171 0.38059667]
 [0.84681204 0.10695999 0.04622797]
 [0.06184912 0.63752741 0.30062347]
 [0.76889177 0.17683897 0.05426926]
 [0.0504057  0.39419224 0.55540206]
 [0.93848206 0.04429493 0.01722301]
 [0.06307468 0.76430132 0.172624  ]
 [0.14356684 0.81864256 0.0377906 ]
 [0.10132657 0.4764964  0.42217703]
 [0.57487154 0.32902383 0.09610463]
 [0.85687767 0.11668267 0.02643967]
 [0.62883546 0.24326582 0.12789873]
 [0.11192788 0.56167394 0.32639818]
 [0.16041517 0.60274553 0.2368393 ]
 [0.06351648 0.58936663 0.34711689]
 [0.85983275 0.10994092 0.03022633]
 [0.06814339 0.42519542 0.50666119]
 [0.2367365  0.60612151 0.15714199]
 [0.06463885 0.71241086 0.22295029]
 [0.88808293 0.07774642 0.03417066]
 [0.11835028 0.57954256 0.30210716]
 [0.06370912 0.61048168 0.3258092 ]
 [0.11789401 0.66064884 0.22145714]
 [0.08519919 0.40510244 0.50969838]
 [0.0552302  0.82306811 0.12170168]
 [0.15940108 0.80193528 0.03866364]
 [0.26337947 0.43653934 0.30008119]
 [0.07952114 0.61668148 0.30379738]
 [0.0688501  0.78999171 0.14115819]
 [0.09162119 0.79084491 0.1175339 ]
 [0.85242043 0.10166561 0.04591396]
 [0.27619785 0.56495674 0.15884541]
 [0.13995154 0.5297873  0.33026115]
 [0.0596711  0.66288253 0.27744638]
 [0.07349994 0.55038343 0.37611662]
 [0.94873472 0.03521179 0.01605349]
 [0.13667852 0.37283733 0.49048414]
 [0.07718091 0.72713707 0.19568202]
 [0.0692167  0.58905648 0.34172682]
 [0.26323895 0.58952071 0.14724034]
 [0.06871041 0.50463839 0.4266512 ]
 [0.84347466 0.12423347 0.03229187]
 [0.11072075 0.66008309 0.22919616]
 [0.16963489 0.61865931 0.2117058 ]
 [0.55986169 0.35928182 0.0808565 ]
 [0.06474402 0.56703676 0.36821922]
 [0.07264882 0.53424178 0.3931094 ]
 [0.17007574 0.74097027 0.08895398]
 [0.07621456 0.59873083 0.32505461]
 [0.18524955 0.47366798 0.34108247]
 [0.10086475 0.74141026 0.15772499]
 [0.58952012 0.33399832 0.07648156]
 [0.04758685 0.56283828 0.38957487]
 [0.12466678 0.61029167 0.26504155]
 [0.80390639 0.15538332 0.04071029]
 [0.05126498 0.86902945 0.07970556]
 [0.07385508 0.38390437 0.54224055]
 [0.0622518  0.59284363 0.34490457]
 [0.06741957 0.48922961 0.44335082]
 [0.07463804 0.56842625 0.35693571]
 [0.12874139 0.45708382 0.41417479]
 [0.45417988 0.38910046 0.15671966]
 [0.23833963 0.69589266 0.0657677 ]
 [0.14398183 0.57028221 0.28573596]
 [0.12803208 0.62630616 0.24566177]
 [0.06960278 0.61090427 0.31949295]
 [0.86041698 0.11163956 0.02794346]
 [0.2704111  0.63145804 0.09813086]
 [0.12008413 0.78949343 0.09042244]
 [0.48961195 0.39392544 0.11646261]
 [0.15964662 0.45598757 0.38436581]
 [0.0990641  0.49266361 0.40827228]
 [0.16893092 0.60998921 0.22107987]
 [0.10191181 0.66404877 0.23403941]
 [0.11718758 0.68378919 0.19902322]
 [0.0844025  0.86075199 0.0548455 ]
 [0.09221015 0.84935502 0.05843483]
 [0.65982959 0.23724408 0.10292633]
 [0.19096382 0.66300919 0.14602699]
 [0.07598428 0.68455326 0.23946247]
 [0.16984844 0.56497942 0.26517214]
 [0.18065568 0.4170179  0.40232642]
 [0.1702386  0.6363775  0.19338391]
 [0.11995867 0.55540987 0.32463146]
 [0.90539907 0.07375951 0.02084142]
 [0.09342282 0.73513765 0.17143953]
 [0.50830929 0.35013369 0.14155702]
 [0.12577252 0.4713542  0.40287327]
 [0.23863919 0.63181132 0.1295495 ]
 [0.34241447 0.31826726 0.33931827]
 [0.06573537 0.69305533 0.24120929]
 [0.08017412 0.62913869 0.29068719]
 [0.92116962 0.05528587 0.02354451]
 [0.08874701 0.58167262 0.32958037]
 [0.05650191 0.63333855 0.31015954]
 [0.14287379 0.73864982 0.11847639]
 [0.07833696 0.69112632 0.23053672]
 [0.08600234 0.73186608 0.18213158]
 [0.05274947 0.43199732 0.51525321]]","['Total Students 2018-2019', 'Total Students 2020-2021', 'Labor Force Diff', 'Median Age Male 10', 'Avg Household Size 10', '# of Families 10', 'Avg Family Size 10', 'County Population', 'CARES ESSER I 20', 'Teachers:Students 2020-2021', 'Teachers:Students 2018-2019', 'Staff:Students 2020-2021', 'Staff:Students 2018-2019', '% Free Lunch 2020-2021', '% Free Lunch 2018-2019', '% Reduced-price Lunch 2020-2021', '% Reduced-price Lunch 2018-2019', '% Asian or Asian/Pacific Islander Students 2020-2021', '% Hispanic Students 2020-2021', '% Hispanic Students 2018-2019', '% Black or African American Students 2020-2021', '% Black or African American Students 2018-2019', '% White Students 2020-2021', '% White Students 2018-2019', '% Grades 1-8 2020-2021', '% Grades 1-8 2018-2019', '% Grades 9-12 2020-2021', '% Grades 9-12 2018-2019', '% Prek 2020-2021', '% Prek 2018-2019', '% K 2020-2021', '% ADA 2018-2019', '% ADA 2020-2021', '% Students Tested Math - Grade 3 2018-2019', '% Students Tested Math - Grade 4 2018-2019', '% Students Tested Math - Grade 5 2018-2019', '% Students Tested Math - Grade 6 2018-2019', '% Students Tested Math - Grade 7 2018-2019', '% Students Tested Math - Grade 8 2018-2019', '% Students Tested Math - Grade 3 2020-2021', '% Students Tested Math - Grade 4 2020-2021', '% Students Tested Math - Grade 5 2020-2021', '% Students Tested Math - Grade 6 2020-2021', '% Students Tested Math - Grade 7 2020-2021', '% Students Tested Math - Grade 8 2020-2021', 'Average Score Math All Grade 3 2018-2019', 'Average Score Math All Grade 4 2018-2019', 'Average Score Math All Grade 5 2018-2019', 'Average Score Math All Grade 6 2018-2019', 'Average Score Math All Grade 7 2018-2019', 'Average Score Math All Grade 8 2018-2019', '% County Deaths 01/29/21', '% On Campus 09/28/20', '% On Campus 10/30/20', '% On Campus 01/29/21', '% Hispanic Pop 10', '% HH Married-noChild 10']",<catboost.core.CatBoostClassifier object at 0x000002159BDB92A0>,"              precision    recall  f1-score   support

           0       0.82      0.63      0.71        43
           1       0.64      0.92      0.76       106
           2       0.80      0.17      0.28        47

    accuracy                           0.68       196
   macro avg       0.75      0.57      0.58       196
weighted avg       0.72      0.68      0.63       196
",11.46875,1271.5124773979187,100
1,CatBoost,54,Regularization - Lasso,"{'random_strength': 0, 'min_data_in_leaf': 10, 'learning_rate': 0.1, 'l2_leaf_reg': 10, 'iterations': 100, 'depth': 3}",0.6475420545484238,0.7535121328224776,0.6785714285714286,0.6992632410106899,0.6785714285714286,0.4412572946449838,0.6405678285658526,"[[26 16  1]
 [ 6 97  3]
 [ 0 37 10]]","[[1]
 [1]
 [2]
 [1]
 [2]
 [1]
 [0]
 [1]
 [1]
 [1]
 [0]
 [1]
 [1]
 [1]
 [1]
 [1]
 [1]
 [1]
 [1]
 [0]
 [0]
 [1]
 [1]
 [1]
 [0]
 [1]
 [2]
 [1]
 [1]
 [1]
 [1]
 [2]
 [1]
 [1]
 [1]
 [2]
 [1]
 [1]
 [1]
 [1]
 [0]
 [2]
 [1]
 [1]
 [1]
 [2]
 [1]
 [1]
 [1]
 [1]
 [1]
 [1]
 [1]
 [0]
 [1]
 [1]
 [1]
 [1]
 [1]
 [1]
 [1]
 [0]
 [1]
 [1]
 [1]
 [1]
 [1]
 [2]
 [1]
 [1]
 [1]
 [1]
 [1]
 [1]
 [1]
 [1]
 [2]
 [1]
 [0]
 [1]
 [1]
 [0]
 [1]
 [1]
 [1]
 [1]
 [1]
 [1]
 [0]
 [1]
 [0]
 [1]
 [1]
 [2]
 [1]
 [1]
 [1]
 [1]
 [0]
 [1]
 [0]
 [1]
 [0]
 [1]
 [1]
 [1]
 [0]
 [0]
 [0]
 [1]
 [1]
 [1]
 [0]
 [2]
 [1]
 [1]
 [0]
 [1]
 [1]
 [1]
 [2]
 [1]
 [1]
 [1]
 [1]
 [1]
 [1]
 [0]
 [1]
 [1]
 [1]
 [1]
 [0]
 [1]
 [1]
 [1]
 [1]
 [1]
 [0]
 [1]
 [1]
 [0]
 [1]
 [1]
 [1]
 [1]
 [1]
 [1]
 [0]
 [1]
 [1]
 [0]
 [1]
 [1]
 [1]
 [1]
 [1]
 [2]
 [0]
 [1]
 [1]
 [1]
 [1]
 [0]
 [1]
 [1]
 [1]
 [1]
 [2]
 [1]
 [1]
 [1]
 [1]
 [1]
 [0]
 [1]
 [1]
 [1]
 [1]
 [1]
 [1]
 [0]
 [1]
 [1]
 [1]
 [1]
 [0]
 [1]
 [1]
 [0]
 [1]
 [1]
 [1]
 [1]
 [1]
 [1]]","[[0.09705871 0.71465143 0.18828985]
 [0.07237794 0.66138249 0.26623957]
 [0.07137499 0.44096999 0.48765502]
 [0.06337643 0.77305609 0.16356748]
 [0.15740838 0.33539121 0.50720041]
 [0.14589979 0.46311113 0.39098908]
 [0.86795262 0.10722855 0.02481883]
 [0.30938701 0.54046685 0.15014614]
 [0.07513933 0.8143825  0.11047817]
 [0.06281871 0.60836229 0.32881901]
 [0.50823512 0.44164691 0.05011798]
 [0.11534062 0.65231479 0.2323446 ]
 [0.10712083 0.6777082  0.21517097]
 [0.08050749 0.53744804 0.38204446]
 [0.09142976 0.67970132 0.22886892]
 [0.17267025 0.64522046 0.18210929]
 [0.14840879 0.73084765 0.12074356]
 [0.08275416 0.53726191 0.37998393]
 [0.06270573 0.55002847 0.3872658 ]
 [0.68548232 0.21932542 0.09519226]
 [0.90930758 0.07392876 0.01676365]
 [0.05796047 0.6279607  0.31407883]
 [0.08468626 0.7763057  0.13900805]
 [0.07020743 0.78717091 0.14262166]
 [0.8945784  0.07997994 0.02544166]
 [0.07708143 0.5538696  0.36904896]
 [0.10359192 0.39749986 0.49890822]
 [0.36423543 0.56564988 0.07011469]
 [0.07880839 0.80974948 0.11144213]
 [0.06874405 0.50810665 0.42314931]
 [0.10426607 0.67070928 0.22502465]
 [0.09548997 0.42818271 0.47632732]
 [0.06873518 0.77039829 0.16086653]
 [0.09236451 0.69089519 0.2167403 ]
 [0.25909157 0.64184152 0.09906691]
 [0.0743412  0.45265517 0.47300363]
 [0.04943461 0.66967006 0.28089533]
 [0.08409787 0.61350844 0.30239368]
 [0.1287934  0.7358149  0.1353917 ]
 [0.23667741 0.41467077 0.34865182]
 [0.90375312 0.07286011 0.02338676]
 [0.0773804  0.38720442 0.53541518]
 [0.20780373 0.69956745 0.09262882]
 [0.08189325 0.48254338 0.43556337]
 [0.18934624 0.45708215 0.35357161]
 [0.10165744 0.43818524 0.46015731]
 [0.06478886 0.64460334 0.2906078 ]
 [0.09876265 0.77224168 0.12899568]
 [0.05172883 0.57758336 0.3706878 ]
 [0.09030566 0.81718674 0.0925076 ]
 [0.05889187 0.6372704  0.30383773]
 [0.05554088 0.77623546 0.16822366]
 [0.27587869 0.55812728 0.16599403]
 [0.9089284  0.07579095 0.01528065]
 [0.08340149 0.71960688 0.19699163]
 [0.17829659 0.72079713 0.10090628]
 [0.10770795 0.718481   0.17381105]
 [0.43008297 0.46130561 0.10861143]
 [0.08083263 0.50258214 0.41658523]
 [0.06930294 0.52508581 0.40561125]
 [0.05942168 0.67878149 0.26179683]
 [0.87887067 0.09100414 0.03012519]
 [0.08128985 0.53352303 0.38518712]
 [0.15192201 0.66379223 0.18428576]
 [0.12012226 0.79502806 0.08484968]
 [0.07167885 0.55245831 0.37586285]
 [0.15601446 0.76694095 0.0770446 ]
 [0.11737161 0.35484409 0.5277843 ]
 [0.10780395 0.78741467 0.10478139]
 [0.07796245 0.74720246 0.1748351 ]
 [0.24751505 0.60213356 0.15035139]
 [0.09128788 0.7072878  0.20142431]
 [0.0673234  0.59717947 0.33549713]
 [0.06944919 0.5862145  0.34433631]
 [0.12845178 0.69630589 0.17524233]
 [0.1223019  0.76601916 0.11167894]
 [0.12148701 0.31486642 0.56364656]
 [0.08143818 0.67410535 0.24445647]
 [0.69762813 0.26151063 0.04086124]
 [0.08663876 0.79179318 0.12156806]
 [0.16301854 0.7523465  0.08463496]
 [0.73981446 0.1870991  0.07308644]
 [0.17315376 0.59616079 0.23068545]
 [0.08855679 0.7072633  0.20417991]
 [0.13861417 0.64980515 0.21158068]
 [0.08889343 0.47679312 0.43431345]
 [0.09931132 0.76412069 0.13656799]
 [0.30292401 0.56433849 0.13273751]
 [0.67424636 0.26685542 0.05889822]
 [0.09704565 0.78969813 0.11325623]
 [0.77562889 0.17625773 0.04811338]
 [0.070088   0.47026694 0.45964506]
 [0.06017511 0.50600178 0.43382311]
 [0.11970553 0.37522684 0.50506763]
 [0.07263836 0.53260371 0.39475793]
 [0.06038683 0.86358549 0.07602769]
 [0.1455074  0.58676027 0.26773232]
 [0.06493526 0.64597439 0.28909035]
 [0.83141512 0.12301513 0.04556975]
 [0.06572708 0.64453298 0.28973994]
 [0.84830841 0.10403642 0.04765517]
 [0.04938413 0.61237601 0.33823987]
 [0.91329923 0.06418693 0.02251384]
 [0.06979187 0.73285311 0.19735503]
 [0.11802388 0.8326639  0.04931223]
 [0.06983381 0.4732063  0.45695989]
 [0.72426631 0.21966617 0.05606752]
 [0.79786237 0.17739313 0.02474449]
 [0.48635756 0.42314671 0.09049573]
 [0.08607146 0.55695404 0.35697451]
 [0.18424108 0.53859055 0.27716837]
 [0.07553907 0.5655793  0.35888164]
 [0.86189699 0.11890621 0.0191968 ]
 [0.08180512 0.39962439 0.5185705 ]
 [0.15458436 0.66941646 0.17599919]
 [0.04552652 0.79945238 0.1550211 ]
 [0.91653781 0.06435132 0.01911087]
 [0.10631855 0.60898861 0.28469284]
 [0.07962573 0.5606435  0.35973077]
 [0.12132205 0.6465607  0.23211726]
 [0.06545593 0.43134042 0.50320365]
 [0.09008158 0.75671528 0.15320314]
 [0.18915604 0.74453573 0.06630823]
 [0.36177469 0.37622617 0.26199914]
 [0.06319273 0.57745322 0.35935405]
 [0.07036927 0.78468176 0.14494897]
 [0.11329128 0.77676468 0.10994404]
 [0.88581401 0.0855957  0.02859029]
 [0.26212903 0.61795872 0.11991224]
 [0.09903332 0.5143458  0.38662088]
 [0.05781217 0.52004149 0.42214634]
 [0.09430583 0.49366969 0.41202448]
 [0.91706693 0.06273846 0.02019461]
 [0.10175505 0.48866053 0.40958442]
 [0.06518343 0.73994551 0.19487106]
