,Model,Method,n Selected,best_params,Best Accuracy,Train Accuracy,Test Accuracy,Precision,Recall,F1,MCC,ROC,conf_mat,prediction,predict_proba,features,estimator,Train Time,classification_report
39,RF,No Reduction,114,"{'ccp_alpha': 0, 'criterion': 'gini', 'max_depth': None, 'max_leaf_nodes': None, 'max_samples': None, 'min_samples_leaf': 10, 'n_estimators': 200}",0.6232229795520935,0.7522349936143039,0.6377551020408163,0.6744425725261962,0.6377551020408163,0.5704973697031931,0.37705695025384417,0.687584843068841,"[[22 22  1]
 [ 4 99  1]
 [ 0 43  4]]","[ 0  0  0  0  0  0  0  0  0  0  0  0  0 -1  0  0 -1  0  0  0 -1  1  0  0
  0  0  0  0  0  0  0 -1  0  0  0  0  0  0 -1  0  0  0  0  0  0  0  0  0
  0  0  0  0  1  0  0  0  0  0  0  0  0  0  0  0  0  0  0  0  0  1  0  0
  0  0  0  0 -1  0  0  0  0  0  0  0  0  0 -1  0  0  0  0  0  0 -1  1 -1
 -1  0  0  0 -1  0  0  0  0 -1 -1  0  0 -1  0  0 -1  0  0  0  0  0  0  0
 -1  0  0  0 -1  0  0  0  0  0  0  1  0  0  0  0  0  0 -1  0  0  0  0  0
  0 -1  0  0  0  0  1  0  0 -1  0  0  0  0  0  0  0  0  0 -1  0  0  0  0
  0  0  0 -1  0  0  0  0 -1 -1  0  0  0 -1  0  0  0  0  0  0  0 -1  0  0
  0  0  0  0]","[[0.0961129  0.71485405 0.18903304]
 [0.11526069 0.66330311 0.2214362 ]
 [0.25111499 0.61004465 0.13884036]
 [0.20412359 0.47692367 0.31895275]
 [0.08124738 0.73060631 0.18814631]
 [0.14720122 0.57153356 0.28126522]
 [0.05915965 0.71729521 0.22354514]
 [0.05775439 0.79994248 0.14230313]
 [0.12162073 0.53383185 0.34454741]
 [0.12336488 0.58893273 0.28770239]
 [0.0750812  0.57960061 0.34531819]
 [0.08387707 0.66173741 0.25438553]
 [0.09165825 0.68730707 0.22103467]
 [0.45321166 0.37112415 0.17566418]
 [0.1464452  0.55020119 0.30335361]
 [0.18548881 0.49711782 0.31739337]
 [0.60797509 0.34893522 0.04308969]
 [0.13174415 0.66120307 0.20705278]
 [0.16473587 0.52568411 0.30958001]
 [0.46456993 0.49867331 0.03675676]
 [0.43524174 0.42753258 0.13722569]
 [0.08893403 0.41675179 0.49431418]
 [0.32793282 0.35730412 0.31476306]
 [0.07135819 0.78997281 0.13866899]
 [0.15328071 0.50376751 0.34295178]
 [0.15333923 0.56079831 0.28586246]
 [0.13109669 0.53306189 0.33584142]
 [0.0734029  0.76901688 0.15758023]
 [0.15214786 0.58501862 0.26283351]
 [0.08278364 0.64795294 0.26926343]
 [0.06109969 0.78760705 0.15129326]
 [0.87022746 0.12361992 0.00615262]
 [0.38987585 0.42428531 0.18583884]
 [0.22178951 0.45249583 0.32571466]
 [0.15906599 0.45943762 0.38149639]
 [0.30956475 0.58430693 0.10612832]
 [0.08620192 0.63475832 0.27903976]
 [0.12485082 0.58226366 0.29288551]
 [0.81105097 0.16712001 0.02182903]
 [0.24522824 0.55562423 0.19914754]
 [0.1156241  0.67420111 0.21017479]
 [0.13715132 0.654278   0.20857068]
 [0.37956349 0.49964741 0.1207891 ]
 [0.30678807 0.56473432 0.1284776 ]
 [0.23057163 0.68745813 0.08197024]
 [0.20184305 0.44416191 0.35399504]
 [0.20835594 0.57631885 0.2153252 ]
 [0.3605715  0.51715215 0.12227635]
 [0.09363491 0.64011832 0.26624677]
 [0.09595795 0.73523999 0.16880206]
 [0.17023065 0.51847411 0.31129523]
 [0.11593212 0.52609015 0.35797773]
 [0.12851954 0.37252745 0.49895301]
 [0.10430146 0.56749576 0.32820277]
 [0.09436874 0.68743877 0.21819249]
 [0.33196701 0.50848417 0.15954882]
 [0.08528114 0.70743053 0.20728833]
 [0.07041077 0.82362744 0.10596179]
 [0.07388364 0.67494254 0.25117382]
 [0.21366621 0.5688155  0.21751829]
 [0.14319482 0.50390456 0.35290062]
 [0.11045786 0.60237797 0.28716417]
 [0.24197837 0.45166803 0.3063536 ]
 [0.05255187 0.66808375 0.27936439]
 [0.12958164 0.44720383 0.42321454]
 [0.0963274  0.58936608 0.31430652]
 [0.1023727  0.56806807 0.32955923]
 [0.10987736 0.58488335 0.30523929]
 [0.12090355 0.50699585 0.3721006 ]
 [0.18185798 0.40201299 0.41612903]
 [0.27960491 0.43421185 0.28618324]
 [0.09582586 0.68592451 0.21824963]
 [0.14844007 0.66320152 0.18835842]
 [0.18068228 0.42775821 0.39155952]
 [0.08566797 0.71335617 0.20097586]
 [0.08124038 0.5568273  0.36193232]
 [0.79267711 0.15672869 0.0505942 ]
 [0.17970478 0.50069315 0.31960207]
 [0.10136062 0.59777945 0.30085993]
 [0.15912823 0.4837037  0.35716807]
 [0.18312118 0.72411042 0.0927684 ]
 [0.08844954 0.56714554 0.34440492]
 [0.11914791 0.57144052 0.30941157]
 [0.1555189  0.6500682  0.1944129 ]
 [0.16815287 0.54684369 0.28500345]
 [0.14017029 0.57133407 0.28849564]
 [0.9056022  0.07390021 0.02049759]
 [0.26145777 0.54926708 0.18927515]
 [0.15209284 0.74700337 0.10090379]
 [0.11525615 0.66794819 0.21679566]
 [0.08487789 0.65988273 0.25523938]
 [0.15255216 0.64539384 0.202054  ]
 [0.3451121  0.59762956 0.05725835]
 [0.50825398 0.35705658 0.13468944]
 [0.13324622 0.42844261 0.43831117]
 [0.93201276 0.05644772 0.01153951]
 [0.72011944 0.24714289 0.03273766]
 [0.07990088 0.64266082 0.2774383 ]
 [0.10642871 0.49250492 0.40106637]
 [0.34279372 0.52411971 0.13308656]
 [0.49018118 0.33379368 0.17602513]
 [0.08198243 0.68490771 0.23310986]
 [0.22877834 0.60156071 0.16966094]
 [0.16850457 0.52358673 0.30790869]
 [0.28474906 0.53476532 0.18048561]
 [0.47601748 0.36636573 0.1576168 ]
 [0.68982296 0.26565402 0.04452302]
 [0.2278335  0.45052433 0.32164217]
 [0.19039627 0.47859571 0.33100802]
 [0.75078457 0.21994968 0.02926575]
 [0.14341544 0.46026542 0.39631914]
 [0.09384358 0.61104183 0.29511459]
 [0.66333335 0.3038692  0.03279745]
 [0.13350707 0.60319053 0.2633024 ]
 [0.08684591 0.60800392 0.30515017]
 [0.1665578  0.66380605 0.16963615]
 [0.20277367 0.49987031 0.29735601]
 [0.12836424 0.67923922 0.19239654]
 [0.15381051 0.62867773 0.21751177]
 [0.14814859 0.51868242 0.33316898]
 [0.79442782 0.182532   0.02304018]
 [0.07855376 0.65857076 0.26287549]
 [0.11601073 0.68694537 0.19704391]
 [0.16555283 0.51967787 0.31476931]
 [0.65469684 0.27312669 0.07217647]
 [0.17520435 0.52956986 0.29522579]
 [0.08436009 0.70774974 0.20789017]
 [0.1510865  0.47126094 0.37765256]
 [0.14345717 0.57557646 0.28096637]
 [0.2730845  0.61474349 0.11217201]
 [0.10945134 0.5226221  0.36792656]
 [0.15023383 0.35291076 0.4968554 ]
 [0.08570724 0.63060373 0.28368903]
 [0.15958441 0.54349629 0.2969193 ]
 [0.17273018 0.60374406 0.22352575]
 [0.17389118 0.43165987 0.39444895]
 [0.13176513 0.66901071 0.19922416]
 [0.13775212 0.5739381  0.28830978]
 [0.54604015 0.40321897 0.05074089]
 [0.32954641 0.51192086 0.15853273]
 [0.16049223 0.52937043 0.31013734]
 [0.30976742 0.62302851 0.06720406]
 [0.13949868 0.54505107 0.31545025]
 [0.07372868 0.6306535  0.29561782]
 [0.18134372 0.46818069 0.35047559]
 [0.62551895 0.3351886  0.03929245]
 [0.11173735 0.64836271 0.23989995]
 [0.11675762 0.5712155  0.31202688]
 [0.17636202 0.4570549  0.36658308]
 [0.14242908 0.70345366 0.15411726]
 [0.19505547 0.38641436 0.41853016]
 [0.16376965 0.44951602 0.38671432]
 [0.06932366 0.78575299 0.14492336]
 [0.53593043 0.40033091 0.06373866]
 [0.09408436 0.62490321 0.28101242]
 [0.08927207 0.67037794 0.24034998]
 [0.26965063 0.64203277 0.0883166 ]
 [0.32519163 0.64480586 0.03000251]
 [0.13145092 0.54041754 0.32813155]
 [0.24100381 0.67704294 0.08195325]
 [0.10195064 0.66408971 0.23395965]
 [0.16829669 0.79724224 0.03446106]
 [0.08255206 0.70960663 0.20784131]
 [0.86356971 0.11095325 0.02547705]
 [0.12393953 0.52786575 0.34819472]
 [0.22958916 0.4255109  0.34489993]
 [0.15326095 0.51478662 0.33195243]
 [0.1690038  0.43810076 0.39289544]
 [0.33140791 0.56972271 0.09886938]
 [0.16488552 0.52479799 0.31031648]
 [0.26752484 0.59744284 0.13503231]
 [0.52611461 0.36076469 0.1131207 ]
 [0.22325217 0.59583478 0.18091306]
 [0.10531404 0.61506773 0.27961823]
 [0.12141726 0.59797176 0.28061098]
 [0.15863776 0.75940937 0.08195287]
 [0.88552522 0.09311642 0.02135836]
 [0.91353294 0.0774993  0.00896777]
 [0.116995   0.54780151 0.3352035 ]
 [0.14418933 0.58760205 0.26820862]
 [0.06937907 0.60890146 0.32171947]
 [0.92365071 0.06690281 0.00944648]
 [0.1682956  0.51984288 0.31186152]
 [0.17703256 0.48563055 0.33733689]
 [0.10426641 0.68933564 0.20639795]
 [0.12364029 0.66770502 0.20865469]
 [0.33722196 0.58355247 0.07922557]
 [0.40828675 0.44332092 0.14839233]
 [0.25276043 0.47277369 0.27446588]
 [0.9191988  0.06934529 0.01145591]
 [0.12684966 0.58253935 0.29061099]
 [0.26898749 0.44018823 0.29082428]
 [0.1128772  0.75119006 0.13593274]
 [0.07617002 0.76049847 0.16333152]
 [0.0818272  0.60977485 0.30839795]
 [0.27967715 0.44148559 0.27883726]]","Index(['Total Students 2018-2019', 'Total Students 2020-2021',
       'Labor Force Diff', 'Employed Diff', 'Unemployed Level Diff',
       'Unemployed Rate Diff', 'Median Age 10', 'Median Age Male 10',
       'Median Age Female 10', '# of Households 10',
       ...
       'Locale_13-City: Small', 'Locale_21-Suburb: Large',
       'Locale_22-Suburb: Mid-size', 'Locale_23-Suburb: Small',
       'Locale_31-Town: Fringe', 'Locale_32-Town: Distant',
       'Locale_33-Town: Remote', 'Locale_41-Rural: Fringe',
       'Locale_42-Rural: Distant', 'Locale_43-Rural: Remote'],
      dtype='object', length=114)","RandomForestClassifier(ccp_alpha=0, min_samples_leaf=10, n_estimators=200,
                       n_jobs=-1, random_state=123)",29.71875,"              precision    recall  f1-score   support

          -1       0.85      0.49      0.62        45
           0       0.60      0.95      0.74       104
           1       0.67      0.09      0.15        47

    accuracy                           0.64       196
   macro avg       0.71      0.51      0.50       196
weighted avg       0.67      0.64      0.57       196
"
43,GB,Permutation Importance - Random Forest,36,"{'ccp_alpha': 0.001, 'learning_rate': 0.3, 'max_depth': 1, 'max_leaf_nodes': 10, 'min_samples_leaf': 10, 'min_weight_fraction_leaf': 0.0, 'n_estimators': 50}",0.6065887698799092,0.6704980842911877,0.6377551020408163,0.6539253632487477,0.6377551020408163,0.6071849721282443,0.36735793008844025,0.7119623314225579,"[[23 22  0]
 [ 9 90  5]
 [ 2 33 12]]","[ 0  0  0  0  0  0  0  0  0  0  0  0  0 -1  0  1 -1  0  0 -1 -1  0 -1  0
  1  0  0  0  0  0  0 -1 -1  0  0  0  0  0 -1  0  0  0  0  0  0  1  1  0
  0  0  0  0  1  0  0  0  0  0  0  0  0  0  0  0  0  0  0  0  0  0 -1  0
  0  0  0  1 -1  0  0  0  0  0  0  0  0  1 -1  0  0  0  0  0  0 -1  1 -1
 -1  0  0  0 -1  0  0  1  0 -1 -1 -1  0 -1  1  0 -1  0  0  0  0  0  0  0
 -1  1  0  0 -1  0  0  0  0  0  0  1  0  0  0  0  0  0 -1  0  1  0  0  0
  0 -1  0  0  0  0  1  0  0 -1  0  0  0 -1  0  0  0  0  0 -1  0  0  0  1
  0  0  0 -1  0  0  1  0 -1 -1  0  0  0 -1  0  0  0  0  0  0  0 -1  1 -1
  0  0  0 -1]","[[0.15819287 0.64037292 0.20143421]
 [0.09824031 0.66928687 0.23247282]
 [0.18838161 0.72605154 0.08556685]
 [0.13398143 0.59705115 0.26896742]
 [0.0928511  0.58948008 0.31766881]
 [0.10779241 0.58461774 0.30758985]
 [0.0739605  0.72798617 0.19805333]
 [0.10360005 0.6560409  0.24035905]
 [0.09774495 0.64059745 0.26165759]
 [0.11365033 0.5908054  0.29554426]
 [0.09539669 0.54640759 0.35819572]
 [0.07477246 0.59107087 0.33415667]
 [0.10039172 0.63735291 0.26225537]
 [0.48161797 0.43126432 0.08711771]
 [0.11019291 0.62326964 0.26653744]
 [0.14842458 0.37079705 0.48077836]
 [0.72767763 0.22219734 0.05012503]
 [0.11449122 0.61424101 0.27126776]
 [0.14892019 0.49648875 0.35459106]
 [0.48748523 0.4427867  0.06972807]
 [0.6679254  0.26322347 0.06885113]
 [0.09261183 0.45412964 0.45325854]
 [0.40270812 0.28190219 0.31538969]
 [0.09836717 0.72300472 0.1786281 ]
 [0.05623335 0.22870526 0.71506139]
 [0.22324234 0.47133022 0.30542744]
 [0.1304971  0.57337936 0.29612355]
 [0.10790387 0.68329455 0.20880159]
 [0.120039   0.7107559  0.1692051 ]
 [0.06900587 0.56819442 0.36279971]
 [0.09942195 0.682113   0.21846504]
 [0.80097883 0.17894518 0.02007599]
 [0.64475564 0.2750397  0.08020466]
 [0.16992869 0.48880446 0.34126685]
 [0.14601191 0.50799434 0.34599376]
 [0.31745014 0.54811262 0.13443724]
 [0.09832426 0.55245195 0.34922379]
 [0.10856015 0.63732986 0.25410999]
 [0.80735967 0.15625973 0.0363806 ]
 [0.1911546  0.68833192 0.12051348]
 [0.06617999 0.63873862 0.29508139]
 [0.12281607 0.65181399 0.22536994]
 [0.41759073 0.48418543 0.09822384]
 [0.09482772 0.78321473 0.12195755]
 [0.11262474 0.77050183 0.11687343]
 [0.12078032 0.17459741 0.70462227]
 [0.10774297 0.43614909 0.45610794]
 [0.12280882 0.77935516 0.09783602]
 [0.10220392 0.57957236 0.31822372]
 [0.12765293 0.63582234 0.23652473]
 [0.13890779 0.63266736 0.22842485]
 [0.06254076 0.68963949 0.24781975]
 [0.0837145  0.28093922 0.63534628]
 [0.11372643 0.53001582 0.35625775]
 [0.11644646 0.6442678  0.23928573]
 [0.26613251 0.6364648  0.09740269]
 [0.10843575 0.60951977 0.28204448]
 [0.14014725 0.78689302 0.07295973]
 [0.08216958 0.59784468 0.31998574]
 [0.13753661 0.60853167 0.25393172]
 [0.14024912 0.44027358 0.4194773 ]
 [0.10242328 0.63851022 0.25906651]
 [0.16708063 0.68268927 0.1502301 ]
 [0.07973888 0.64461713 0.27564399]
 [0.08546388 0.5690284  0.34550772]
 [0.10414239 0.58169756 0.31416006]
 [0.08350776 0.53984777 0.37664448]
 [0.12697144 0.55587154 0.31715703]
 [0.13349687 0.4390185  0.42748463]
 [0.12649016 0.49697169 0.37653815]
 [0.49138962 0.31553493 0.19307545]
 [0.08823478 0.71298085 0.19878437]
 [0.12963996 0.73522626 0.13513377]
 [0.35747068 0.3718882  0.27064112]
 [0.08562315 0.69898912 0.21538773]
 [0.08639811 0.3963036  0.51729829]
 [0.86160137 0.11480129 0.02359734]
 [0.12918454 0.5124658  0.35834966]
 [0.10765645 0.61887961 0.27346393]
 [0.15912458 0.69267103 0.14820439]
 [0.125317   0.73526984 0.13941315]
 [0.08944526 0.54543679 0.36511795]
 [0.11853112 0.70182767 0.17964121]
 [0.11356512 0.64556148 0.2408734 ]
 [0.10215912 0.56732014 0.33052074]
 [0.22444327 0.34409782 0.43145891]
 [0.82502039 0.14514511 0.02983449]
 [0.14550229 0.63455063 0.21994708]
 [0.16377939 0.77158056 0.06464005]
 [0.16576245 0.67246455 0.16177301]
 [0.09966955 0.63276807 0.26756238]
 [0.11915446 0.64463273 0.23621281]
 [0.18768657 0.73339902 0.07891441]
 [0.67856964 0.19553647 0.12589389]
 [0.07513301 0.45018095 0.47468604]
 [0.82989545 0.14423486 0.02586969]
 [0.75916485 0.20408013 0.03675502]
 [0.0939773  0.65436788 0.25165482]
 [0.08858069 0.56041551 0.3510038 ]
 [0.20642158 0.65291883 0.14065959]
 [0.848747   0.09986145 0.05139156]
 [0.10752113 0.61586003 0.27661884]
 [0.23502839 0.6888331  0.07613851]
 [0.12499766 0.27469716 0.60030518]
 [0.13126175 0.62200783 0.24673042]
 [0.69426649 0.22622729 0.07950622]
 [0.8599843  0.09264132 0.04737439]
 [0.42879461 0.3679779  0.20322748]
 [0.11512758 0.5400679  0.34480453]
 [0.74583547 0.22729634 0.02686819]
 [0.09146042 0.41097801 0.49756157]
 [0.09908667 0.71975262 0.18116071]
 [0.72955416 0.22432968 0.04611615]
 [0.0856988  0.66806288 0.24623832]
 [0.08404521 0.61773742 0.29821736]
 [0.22406787 0.49183307 0.28409906]
 [0.14712623 0.62498482 0.22788895]
 [0.13414406 0.64835984 0.2174961 ]
 [0.11361314 0.62342732 0.26295955]
 [0.12014945 0.51756591 0.36228464]
 [0.82388855 0.15271099 0.02340047]
 [0.05419618 0.39321031 0.55259351]
 [0.1606983  0.70751254 0.13178916]
 [0.09439236 0.60996503 0.29564261]
 [0.70651298 0.21573468 0.07775234]
 [0.15934725 0.60049867 0.24015408]
 [0.1166269  0.70032396 0.18304914]
 [0.13503681 0.51479201 0.35017119]
 [0.13835297 0.60913192 0.25251511]
 [0.11021552 0.79667119 0.09311329]
 [0.08379646 0.48017093 0.43603261]
 [0.15126972 0.41777153 0.43095875]
 [0.08394631 0.58341375 0.33263994]
 [0.09673957 0.59464515 0.30861528]
 [0.21954541 0.63213342 0.14832117]
 [0.13622675 0.46671509 0.39705816]
 [0.1599988  0.59177686 0.24822434]
 [0.0994997  0.68027134 0.22022896]
 [0.54075273 0.415857   0.04339027]
 [0.17090274 0.6829426  0.14615466]
 [0.11692806 0.41210114 0.4709708 ]
 [0.17506562 0.72202893 0.10290545]
 [0.14084957 0.59072845 0.26842198]
 [0.08602164 0.64229191 0.27168645]
 [0.13908845 0.47119365 0.3897179 ]
 [0.68338968 0.28493388 0.03167644]
 [0.1140778  0.57235908 0.31356312]
 [0.11911827 0.56000395 0.32087778]
 [0.12121869 0.47528021 0.4035011 ]
 [0.13078903 0.73429933 0.13491164]
 [0.15453264 0.39304089 0.45242647]
 [0.09541227 0.51687673 0.38771101]
 [0.09839385 0.67155343 0.23005272]
 [0.48240296 0.44634695 0.0712501 ]
 [0.10752549 0.54865856 0.34381595]
 [0.09076186 0.60672143 0.3025167 ]
 [0.10365324 0.78982786 0.1065189 ]
 [0.51872139 0.41658574 0.06469287]
 [0.10385701 0.6008757  0.29526729]
 [0.18996379 0.72877591 0.0812603 ]
 [0.08027898 0.69169482 0.2280262 ]
 [0.21683925 0.68893114 0.09422961]
 [0.09662594 0.6744351  0.22893896]
 [0.78158382 0.17170854 0.04670764]
 [0.0756859  0.51503132 0.40928279]
 [0.18011312 0.48825811 0.33162877]
 [0.09107046 0.66668266 0.24224688]
 [0.09491609 0.35302532 0.55205859]
 [0.15868951 0.69948006 0.14183042]
 [0.11852325 0.65748293 0.22399382]
 [0.22867688 0.66219427 0.10912885]
 [0.65916793 0.22317525 0.11765682]
 [0.15956946 0.70601614 0.1344144 ]
 [0.07824639 0.54526563 0.37648798]
 [0.05014063 0.41954247 0.53031689]
 [0.10129492 0.82224201 0.07646307]
 [0.83732226 0.14286262 0.01981512]
 [0.82502039 0.14514511 0.02983449]
 [0.12153306 0.60208265 0.27638429]
 [0.13897478 0.49482837 0.36619685]
 [0.07286911 0.53308033 0.39405057]
 [0.80406289 0.16252931 0.0334078 ]
 [0.12942849 0.60558703 0.26498448]
 [0.39765805 0.4878773  0.11446465]
 [0.11402357 0.69347196 0.19250447]
 [0.09809709 0.73180699 0.17009592]
 [0.2020289  0.69390464 0.10406646]
 [0.34265908 0.51057993 0.14676099]
 [0.11347854 0.76515569 0.12136577]
 [0.8018392  0.16207982 0.03608097]
 [0.1056326  0.444776   0.4495914 ]
 [0.42363045 0.40877769 0.16759186]
 [0.12875513 0.71519666 0.15604821]
 [0.13047759 0.63241426 0.23710815]
 [0.1200557  0.54748764 0.33245667]
 [0.41667281 0.32621875 0.25710844]]","['Total Students 2018-2019', 'Total Students 2020-2021', 'Labor Force Diff', 'Employed Diff', 'Unemployed Rate Diff', 'Avg Household Size 10', '# of Housing Units 10', 'County Population', 'CARES ESSER I 20', '% Hispanic Students 2020-2021', '% Hispanic Students 2018-2019', '% White Students 2020-2021', '% Grades 1-8 2020-2021', '% Grades 1-8 2018-2019', '% Grades 9-12 2020-2021', '% Prek 2020-2021', '% Prek 2018-2019', '% K 2018-2019', '% ADA 2018-2019', '% ADA 2020-2021', '% Students Tested Reading - Grade 3 2018-2019', '% Students Tested Reading - Grade 5 2018-2019', '% Students Tested Reading - Grade 6 2018-2019', '% Students Tested Reading - Grade 6 2020-2021', 'Average Score Reading All Grade 6 2018-2019', 'Average Score Reading All Grade 7 2018-2019', '% On Campus 10/30/20', '% On Campus 01/29/21', '% Black Pop 10', '% Asian Pop 10', '% Hispanic Pop 10', '% Age 15-19 Pop 10', '% Age 85-Up Pop 10', '% HH Married-noChild 10', '% HH Male-Child 10', '% Housing Owner Occup 10']","GradientBoostingClassifier(ccp_alpha=0.001, learning_rate=0.3, max_depth=1,
                           max_leaf_nodes=10, min_samples_leaf=10,
                           n_estimators=50, n_iter_no_change=20,
                           random_state=123)",33.0,"              precision    recall  f1-score   support

          -1       0.68      0.51      0.58        45
           0       0.62      0.87      0.72       104
           1       0.71      0.26      0.37        47

    accuracy                           0.64       196
   macro avg       0.67      0.54      0.56       196
weighted avg       0.65      0.64      0.61       196
"
37,RF,SFS - KNN,57,"{'ccp_alpha': 0, 'criterion': 'gini', 'max_depth': 6, 'max_leaf_nodes': 31, 'max_samples': None, 'min_samples_leaf': 5, 'n_estimators': 200}",0.618159688412853,0.6960408684546615,0.6275510204081632,0.6370902906617193,0.6275510204081632,0.5580786769161116,0.3532496810444638,0.7154885331983404,"[[22 23  0]
 [ 3 98  3]
 [ 0 44  3]]","[ 0  0  0  0  0  0  0  0  0  0  0  0  0 -1  0  0 -1  0  0  0  0  0  1  0
  0  0  0  0  0  0  0 -1  0  0  0  0  0  0 -1  0  0  0  0  0  0  1  0  0
  0  0  0  0  0  0  0  0  0  0  0  0  0  0  0  0  0  0  0  0  0  1  0  0
  0  0  0  0 -1  0  0  0  0  0  0  0  0  0 -1  0  0  0  0  0  0 -1  0 -1
 -1  0  0  0 -1  0  0  0  0 -1 -1  0  0 -1  0  0 -1  0  0  0  0  0  0  0
 -1  0  0  0 -1  0  0  0  0  0  0  1  0  0  0  0  0  0 -1  0  0  0  0  0
  0 -1  0  0  0  0  1  0  0 -1  0  0  0  0  0  0  0  0  0 -1  0  1  0  0
  0  0  0 -1  0  0  0  0 -1 -1  0  0  0 -1  0  0  0  0  0  0  0 -1  0  0
  0  0  0  0]","[[0.09889567 0.69106192 0.21004241]
 [0.1175799  0.60988229 0.27253781]
 [0.23094062 0.65756294 0.11149644]
 [0.16231923 0.54553247 0.2921483 ]
 [0.06714854 0.73955949 0.19329197]
 [0.11276163 0.57234597 0.31489241]
 [0.0803533  0.65143542 0.26821128]
 [0.08564426 0.72106767 0.19328807]
 [0.13019925 0.51739923 0.35240152]
 [0.12033699 0.60364069 0.27602232]
 [0.08470611 0.60933456 0.30595933]
 [0.08474568 0.66202095 0.25323337]
 [0.08411499 0.71446956 0.20141545]
 [0.52417358 0.31800003 0.15782638]
 [0.14588083 0.56710312 0.28701605]
 [0.22800337 0.40819077 0.36380586]
 [0.63655782 0.33651099 0.02693118]
 [0.09926163 0.69621923 0.20451914]
 [0.1525565  0.49362122 0.35382228]
 [0.4200494  0.54287844 0.03707217]
 [0.43551835 0.46535572 0.09912593]
 [0.10946291 0.46759563 0.42294146]
 [0.28985399 0.32148642 0.38865958]
 [0.07931001 0.77939534 0.14129465]
 [0.11388261 0.54396996 0.34214742]
 [0.14610195 0.50988817 0.34400989]
 [0.14414851 0.57327542 0.28257607]
 [0.08453124 0.71726275 0.19820602]
 [0.11012201 0.62383952 0.26603847]
 [0.09467072 0.59962868 0.3057006 ]
 [0.07834155 0.74620294 0.17545552]
 [0.8477728  0.14293654 0.00929065]
 [0.36597319 0.44856845 0.18545836]
 [0.21777087 0.42038169 0.36184744]
 [0.15979943 0.4941873  0.34601327]
 [0.26937089 0.62932298 0.10130613]
 [0.0975224  0.62871672 0.27376088]
 [0.09614372 0.61726996 0.28658632]
 [0.88876278 0.09834553 0.0128917 ]
 [0.22614457 0.55925804 0.21459738]
 [0.1112566  0.62756641 0.26117699]
 [0.10798031 0.66349996 0.22851974]
 [0.24657176 0.58684048 0.16658775]
 [0.32133744 0.55229448 0.12636809]
 [0.17545055 0.7315344  0.09301505]
 [0.16893526 0.39191183 0.43915291]
 [0.16333638 0.57962276 0.25704087]
 [0.35318607 0.54326472 0.10354921]
 [0.10824985 0.62108323 0.27066692]
 [0.08270812 0.73953125 0.17776063]
 [0.13938613 0.54731771 0.31329616]
 [0.11817036 0.52263659 0.35919305]
 [0.13326415 0.44201846 0.42471739]
 [0.0888098  0.6092048  0.30198541]
 [0.0811605  0.67614945 0.24269005]
 [0.30100712 0.53418759 0.1648053 ]
 [0.09575343 0.71603248 0.18821409]
 [0.09173857 0.79616331 0.11209812]
 [0.07577996 0.67975572 0.24446432]
 [0.18439128 0.64085506 0.17475366]
 [0.13311452 0.54167936 0.32520612]
 [0.12745249 0.5727435  0.29980401]
 [0.19964837 0.43051692 0.36983471]
 [0.0609738  0.69296657 0.24605963]
 [0.1041561  0.53487298 0.36097092]
 [0.08518678 0.58087972 0.33393349]
 [0.10231608 0.5439322  0.35375172]
 [0.11491857 0.56385858 0.32122286]
 [0.13129206 0.50528756 0.36342039]
 [0.1731738  0.37253205 0.45429415]
 [0.27646764 0.41767625 0.30585611]
 [0.14529703 0.65673911 0.19796387]
 [0.11601292 0.67450168 0.20948539]
 [0.18310829 0.48994479 0.32694692]
 [0.10996264 0.60807777 0.28195959]
 [0.08560159 0.62799491 0.2864035 ]
 [0.85142987 0.1145612  0.03400893]
 [0.21790486 0.49096353 0.29113161]
 [0.08758278 0.61604802 0.2963692 ]
 [0.15745315 0.46305078 0.37949607]
 [0.18581228 0.7140682  0.10011952]
 [0.08726951 0.61360272 0.29912777]
 [0.10696177 0.56121317 0.33182506]
 [0.14926755 0.65133968 0.19939277]
 [0.1751917  0.54096153 0.28384677]
 [0.12672611 0.52688407 0.34638982]
 [0.91153017 0.08154033 0.0069295 ]
 [0.26460653 0.54005951 0.19533395]
 [0.10450553 0.77581522 0.11967925]
 [0.11398285 0.69016356 0.19585359]
 [0.09453134 0.63741786 0.2680508 ]
 [0.11300605 0.67273895 0.214255  ]
 [0.28993113 0.66322639 0.04684248]
 [0.6214492  0.28168828 0.09686252]
 [0.12020113 0.49228176 0.38751711]
 [0.93350887 0.06212597 0.00436516]
 [0.78597266 0.19585628 0.01817106]
 [0.10206342 0.63536634 0.26257024]
 [0.10609394 0.47344024 0.42046582]
 [0.28633411 0.57698142 0.13668447]
 [0.50730608 0.34547056 0.14722337]
 [0.0827221  0.66365131 0.25362658]
 [0.20128363 0.63960881 0.15910755]
 [0.19467121 0.46507239 0.3402564 ]
 [0.25423302 0.55799887 0.18776811]
 [0.51301183 0.37705703 0.10993114]
 [0.78601015 0.18681631 0.02717354]
 [0.26571359 0.41741356 0.31687286]
 [0.14754591 0.47371027 0.37874382]
 [0.78486497 0.19010478 0.02503025]
 [0.13986106 0.49291803 0.36722091]
 [0.11052148 0.60822149 0.28125703]
 [0.76863569 0.21227983 0.01908448]
 [0.10973533 0.56600049 0.32426418]
 [0.08335884 0.63861765 0.27802351]
 [0.17598378 0.61723066 0.20678556]
 [0.1913296  0.48988463 0.31878577]
 [0.10726876 0.6707019  0.22202934]
 [0.13356258 0.59131944 0.27511799]
 [0.10062829 0.5681724  0.33119931]
 [0.83247268 0.15947521 0.00805211]
 [0.08623104 0.59308428 0.32068468]
 [0.09250469 0.66946793 0.23802738]
 [0.1244218  0.58302547 0.29255274]
 [0.68343605 0.26016715 0.0563968 ]
 [0.12448821 0.57661739 0.2988944 ]
 [0.10330663 0.63887753 0.25781584]
 [0.13208045 0.4838343  0.38408525]
 [0.12934924 0.62245875 0.24819201]
 [0.21069841 0.67998363 0.10931795]
 [0.11397245 0.57014175 0.3158858 ]
 [0.15508925 0.38923847 0.45567228]
 [0.08077359 0.63799465 0.28123176]
 [0.18500961 0.51908368 0.29590671]
 [0.1917418  0.5913612  0.21689699]
 [0.14482456 0.47611002 0.37906542]
 [0.12277747 0.64699581 0.23022672]
 [0.10264109 0.58831237 0.30904654]
 [0.62526626 0.34354411 0.03118963]
 [0.28699243 0.56221024 0.15079733]
 [0.15095358 0.51648306 0.33256336]
 [0.28793236 0.63473184 0.0773358 ]
 [0.1336384  0.5403847  0.3259769 ]
 [0.07730658 0.6863843  0.23630912]
 [0.1730132  0.46399456 0.36299224]
 [0.69046649 0.28768413 0.02184938]
 [0.09013844 0.6128258  0.29703576]
 [0.11512017 0.56567867 0.31920116]
 [0.15948274 0.44759476 0.3929225 ]
 [0.16451807 0.68383006 0.15165188]
 [0.15652569 0.41618381 0.4272905 ]
 [0.16511595 0.43994507 0.39493897]
 [0.08425085 0.72922556 0.1865236 ]
 [0.49359786 0.42436738 0.08203475]
 [0.10900153 0.51614198 0.3748565 ]
 [0.08716688 0.61302194 0.29981118]
 [0.22267717 0.68785058 0.08947225]
 [0.30461872 0.67442855 0.02095273]
 [0.13235517 0.54509569 0.32254914]
 [0.20879694 0.71426048 0.07694259]
 [0.11710709 0.59499975 0.28789316]
 [0.11978675 0.8452743  0.03493895]
 [0.08922628 0.67290192 0.2378718 ]
 [0.84417021 0.14091444 0.01491535]
 [0.10822519 0.55488044 0.33689437]
 [0.19815188 0.39952554 0.40232258]
 [0.14392621 0.49897965 0.35709414]
 [0.11852792 0.51810407 0.363368  ]
 [0.34550786 0.55540518 0.09908696]
 [0.13658716 0.56743723 0.29597561]
 [0.23885283 0.66329507 0.0978521 ]
 [0.54044194 0.36451689 0.09504117]
 [0.19316445 0.64471819 0.16211736]
 [0.08350413 0.62666446 0.28983141]
 [0.13918714 0.55654155 0.30427131]
 [0.11117746 0.77111537 0.11770717]
 [0.92470789 0.06703737 0.00825473]
 [0.96715403 0.03097199 0.00187399]
 [0.10696138 0.58493503 0.30810359]
 [0.15514822 0.49960764 0.34524414]
 [0.08058034 0.58025742 0.33916224]
 [0.93932216 0.05774125 0.00293659]
 [0.1572698  0.50947431 0.33325589]
 [0.20709977 0.48961782 0.30328241]
 [0.10497886 0.66590117 0.22911998]
 [0.13029675 0.62085865 0.2488446 ]
 [0.24822924 0.66638007 0.08539069]
 [0.28089976 0.52834829 0.19075195]
 [0.20105328 0.52554621 0.27340051]
 [0.94128354 0.05487237 0.00384409]
 [0.11431875 0.55057407 0.33510718]
 [0.30716074 0.39655364 0.29628562]
 [0.11119115 0.7201834  0.16862546]
 [0.09029398 0.68507379 0.22463224]
 [0.06307532 0.5864539  0.35047078]
 [0.3007679  0.47113472 0.22809738]]","['Total Students 2018-2019', 'Total Students 2020-2021', 'Unemployed Level Diff', 'Median Age 10', 'Median Age Male 10', 'Median Age Female 10', '# of Households 10', 'Avg Household Size 10', '# of Families 10', 'Avg Family Size 10', '# of Housing Units 10', 'County Population', 'CARES ESSER I 20', '% School-wide Title I 2020-2021', '% Title I Eligible School 2020-2021', '% Title I Eligible School 2018-2019', 'Teachers:Students 2018-2019', '% Free Lunch 2020-2021', '% Asian or Asian/Pacific Islander Students 2020-2021', '% Asian or Asian/Pacific Islander Students 2018-2019', '% Grades 1-8 2020-2021', '% ADA 2020-2021', '% Students Tested Reading - Grade 8 2018-2019', '% Students Tested Reading - Grade 3 2020-2021', '% Students Tested Reading - Grade 4 2020-2021', '% Students Tested Reading - Grade 5 2020-2021', '% Students Tested Reading - Grade 6 2020-2021', '% Students Tested Reading - Grade 8 2020-2021', 'Average Score Reading All Grade 5 2018-2019', 'Average Score Reading All Grade 7 2018-2019', '% County Infected 09/28/20', '% County Deaths 09/28/20', '% County Infected 10/30/20', '% On Campus 09/28/20', '% On Campus 10/30/20', '% On Campus 01/29/21', '% White Pop 10', '% Asian Pop 10', '% Age 20-24 Pop 10', '% Age 35-44 Pop 10', '% HH 1 Male 10', '% HH Married-Child 10', '% HH Married-noChild 10', '% HH Female-Child 10', '% Housing Owner Occup 10', 'Total Schools Diff', '% Operational Schools Diff', 'Locale_11-City: Large', 'Locale_12-City: Mid-size', 'Locale_13-City: Small', 'Locale_21-Suburb: Large', 'Locale_22-Suburb: Mid-size', 'Locale_23-Suburb: Small', 'Locale_31-Town: Fringe', 'Locale_32-Town: Distant', 'Locale_41-Rural: Fringe', 'Locale_42-Rural: Distant']","RandomForestClassifier(ccp_alpha=0, max_depth=6, max_leaf_nodes=31,
                       min_samples_leaf=5, n_estimators=200, n_jobs=-1,
                       random_state=123)",23.53125,"              precision    recall  f1-score   support

          -1       0.88      0.49      0.63        45
           0       0.59      0.94      0.73       104
           1       0.50      0.06      0.11        47

    accuracy                           0.63       196
   macro avg       0.66      0.50      0.49       196
weighted avg       0.64      0.63      0.56       196
"
34,RF,Permutation Importance - Ridge,64,"{'ccp_alpha': 0, 'criterion': 'entropy', 'max_depth': None, 'max_leaf_nodes': 31, 'max_samples': None, 'min_samples_leaf': 5, 'n_estimators': 200}",0.6245212593313859,0.7701149425287356,0.6275510204081632,0.6312411456139679,0.6275510204081632,0.5574886742509204,0.3523896731344338,0.6856555475225106,"[[22 22  1]
 [ 4 98  2]
 [ 0 44  3]]","[ 0  0  0  0  0  0  0  0  0  0  0  0  0 -1  0  0 -1  0  0  0  0  0 -1  0
  0  0  0  0  0  0  0 -1  0  0  0  0  0  0 -1  0  0  0  0  0  0  0  0  0
  0  0  0  0  1  0  0  0  0  0  0  0  0  0  0  0  0  0  0  0  0  0  0  0
  0  0  0  0 -1  0  0  0  0  0  0  0  0  0 -1  0  0  0  0  0  0 -1  1 -1
 -1  0  0  0 -1  0  0  0  0 -1 -1  0  0 -1  0  0 -1  0  0  0  0  0  0  0
 -1  0  0  0 -1  0  0  0  0  0  0  1  0  0  0  1  0  0 -1  0  0  0  0  0
  0 -1  0  0  0  0  1  0  0 -1  0  0  0  0  0  0  0  0  0 -1  0  0  0  1
  0  0  0 -1  0  0  0  0 -1 -1  0  0  0 -1  0  0  0  0  0  0  0 -1  0  0
  0  0  0  0]","[[0.1197816  0.70727393 0.17294447]
 [0.10951266 0.71187282 0.17861451]
 [0.21288408 0.68406415 0.10305177]
 [0.23306184 0.47863293 0.28830523]
 [0.07478711 0.72386411 0.20134878]
 [0.1304272  0.51196036 0.35761244]
 [0.05590537 0.72525303 0.2188416 ]
 [0.07993739 0.75692773 0.16313488]
 [0.10213748 0.52826764 0.36959489]
 [0.10632398 0.58301712 0.3106589 ]
 [0.083957   0.57666729 0.33937571]
 [0.06649304 0.68642369 0.24708327]
 [0.08080941 0.67903758 0.24015301]
 [0.55368409 0.28387196 0.16244395]
 [0.14276983 0.55742369 0.29980648]
 [0.21767125 0.42565523 0.35667353]
 [0.70572578 0.27430778 0.01996643]
 [0.10060728 0.66029562 0.2390971 ]
 [0.10564922 0.6106136  0.28373719]
 [0.47664356 0.48781929 0.03553715]
 [0.43725908 0.4737192  0.08902172]
 [0.08690693 0.46629542 0.44679766]
 [0.36608646 0.34912311 0.28479043]
 [0.05242495 0.78760688 0.15996817]
 [0.15848746 0.50080596 0.34070657]
 [0.17939856 0.51151614 0.3090853 ]
 [0.14321041 0.5439963  0.31279329]
 [0.0829762  0.73068199 0.18634181]
 [0.11299199 0.56369336 0.32331466]
 [0.08735497 0.66437815 0.24826689]
 [0.03861836 0.77728464 0.184097  ]
 [0.80705296 0.17786379 0.01508325]
 [0.38388263 0.43978457 0.17633281]
 [0.17072505 0.50276942 0.32650554]
 [0.12791675 0.46029281 0.41179044]
 [0.34860411 0.56619928 0.08519661]
 [0.07269209 0.66935137 0.25795654]
 [0.12302413 0.59629243 0.28068345]
 [0.83758821 0.14466728 0.01774451]
 [0.29355198 0.54089685 0.16555117]
 [0.12910787 0.63280066 0.23809147]
 [0.07769159 0.60284097 0.31946743]
 [0.27839402 0.59130808 0.1302979 ]
 [0.23946877 0.63298905 0.12754218]
 [0.24858989 0.66678414 0.08462597]
 [0.24276931 0.40513695 0.35209374]
 [0.22690663 0.59180315 0.18129021]
 [0.29172118 0.60709689 0.10118193]
 [0.10050659 0.60357412 0.29591929]
 [0.11605969 0.7298672  0.1540731 ]
 [0.14949686 0.55508149 0.29542165]
 [0.09051314 0.5637044  0.34578246]
 [0.12104868 0.35385639 0.52509493]
 [0.07580704 0.5411754  0.38301756]
 [0.09724191 0.64850967 0.25424843]
 [0.34000764 0.52812371 0.13186865]
 [0.1136351  0.6891315  0.1972334 ]
 [0.06991202 0.81757431 0.11251366]
 [0.04809449 0.71330813 0.23859738]
 [0.21328402 0.57403435 0.21268163]
 [0.17307776 0.50867664 0.3182456 ]
 [0.10119846 0.62263388 0.27616766]
 [0.208844   0.41275582 0.37840018]
 [0.0345404  0.68685877 0.27860083]
 [0.101084   0.49987698 0.39903902]
 [0.09840898 0.61892487 0.28266615]
 [0.1050754  0.56566271 0.32926189]
 [0.12178376 0.59408357 0.28413267]
 [0.08709035 0.62168835 0.2912213 ]
 [0.10037216 0.48982515 0.40980269]
 [0.33635715 0.44567787 0.21796498]
 [0.11400704 0.68731187 0.1986811 ]
 [0.15852006 0.64426432 0.19721562]
 [0.19591619 0.44967917 0.35440464]
 [0.06552712 0.70585847 0.22861441]
 [0.10310994 0.54232104 0.35456902]
 [0.81757309 0.16024874 0.02217817]
 [0.1947567  0.48939062 0.31585268]
 [0.07529529 0.55601227 0.36869244]
 [0.18850921 0.50245739 0.3090334 ]
 [0.20738839 0.69732308 0.09528853]
 [0.13585798 0.50967657 0.35446545]
 [0.12373001 0.52029277 0.35597722]
 [0.12253301 0.71009809 0.1673689 ]
 [0.12824592 0.53542313 0.33633094]
 [0.07106586 0.60796398 0.32097016]
 [0.88401559 0.0979867  0.0179977 ]
 [0.23701539 0.59153624 0.17144837]
 [0.14198768 0.7747145  0.08329782]
 [0.11676723 0.67617667 0.2070561 ]
 [0.09538471 0.64145229 0.263163  ]
 [0.15762172 0.61847867 0.22389961]
 [0.35230372 0.59437367 0.0533226 ]
 [0.61163731 0.2842075  0.10415519]
 [0.13979671 0.36310827 0.49709503]
 [0.90429268 0.0708571  0.02485022]
 [0.72476797 0.24241529 0.03281674]
 [0.06121701 0.65855697 0.28022602]
 [0.08517433 0.49855387 0.4162718 ]
 [0.37169378 0.49696821 0.13133801]
 [0.41333415 0.39785175 0.1888141 ]
 [0.07603259 0.694664   0.22930341]
 [0.24440218 0.62786472 0.1277331 ]
 [0.17166831 0.51431534 0.31401635]
 [0.22544413 0.57649989 0.19805598]
 [0.45988146 0.39725083 0.14286771]
 [0.69859306 0.27230743 0.02909951]
 [0.24880734 0.48877702 0.26241564]
 [0.19778627 0.49331725 0.30889648]
 [0.7370314  0.24049665 0.02247195]
 [0.09983314 0.48613266 0.4140342 ]
 [0.09483855 0.57663486 0.32852659]
 [0.66955436 0.29121472 0.03923092]
 [0.07392261 0.58303181 0.34304558]
 [0.0618812  0.58741899 0.3506998 ]
 [0.23590479 0.59936589 0.16472932]
 [0.16150241 0.47731434 0.36118325]
 [0.13223894 0.68711311 0.18064795]
 [0.15872385 0.57241105 0.2688651 ]
 [0.11086891 0.52860427 0.36052682]
 [0.78995068 0.19537647 0.01467285]
 [0.06923287 0.65875274 0.27201439]
 [0.06780272 0.68585383 0.24634345]
 [0.14042503 0.53510091 0.32447406]
 [0.73269    0.2167944  0.0505156 ]
 [0.12994138 0.56940017 0.30065846]
 [0.08873925 0.71671274 0.19454801]
 [0.15256352 0.48015816 0.36727831]
 [0.12947016 0.5533825  0.31714734]
 [0.25427792 0.64277968 0.1029424 ]
 [0.13393038 0.49800736 0.36806226]
 [0.13593575 0.42490122 0.43916303]
 [0.07767557 0.695778   0.22654644]
 [0.21429714 0.50704389 0.27865898]
 [0.22879992 0.5393994  0.23180068]
 [0.10565077 0.44609714 0.44825209]
 [0.13623909 0.68327134 0.18048957]
 [0.1051747  0.5296891  0.3651362 ]
 [0.5223125  0.4472057  0.03048179]
 [0.38743638 0.4875708  0.12499282]
 [0.08403621 0.5682344  0.34772939]
 [0.27036767 0.66651873 0.0631136 ]
 [0.11845043 0.57695958 0.30458999]
 [0.04459247 0.67334859 0.28205894]
 [0.19207276 0.46054983 0.34737741]
 [0.63887818 0.3357431  0.02537872]
 [0.11457467 0.63208699 0.25333834]
 [0.08342038 0.56309764 0.35348198]
 [0.13063044 0.51462458 0.35474498]
 [0.15318227 0.68532905 0.16148868]
 [0.13795658 0.4092247  0.45281872]
 [0.15338667 0.47916218 0.36745115]
 [0.06268776 0.77598475 0.16132749]
 [0.58445469 0.3875422  0.0280031 ]
 [0.11205614 0.57515523 0.31278863]
 [0.08261509 0.63863562 0.27874929]
 [0.27945754 0.66282253 0.05771993]
 [0.38377562 0.59355793 0.02266645]
 [0.11711453 0.58128699 0.30159848]
 [0.23535042 0.6939234  0.07072618]
 [0.08550537 0.63347151 0.28102312]
 [0.2321076  0.74675933 0.02113307]
 [0.07430278 0.6821324  0.24356482]
 [0.85481002 0.12567828 0.0195117 ]
 [0.12315162 0.52359276 0.35325562]
 [0.23587192 0.42285765 0.34127043]
 [0.1586779  0.5504441  0.290878  ]
 [0.16313876 0.39791452 0.43894672]
 [0.36170798 0.5552955  0.08299652]
 [0.1298228  0.58952022 0.28065698]
 [0.25904591 0.64376255 0.09719154]
 [0.53761253 0.36853161 0.09385586]
 [0.26191096 0.58440971 0.15367933]
 [0.10465594 0.58661983 0.30872423]
 [0.15598021 0.56698038 0.27703941]
 [0.16731069 0.72644259 0.10624671]
 [0.89551527 0.09217225 0.01231247]
 [0.88543871 0.10122437 0.01333692]
 [0.13307317 0.57693127 0.28999556]
 [0.10208682 0.60541753 0.29249565]
 [0.03760572 0.65012461 0.31226968]
 [0.89973149 0.08422668 0.01604182]
 [0.13314019 0.54030915 0.32655066]
 [0.26534318 0.4260579  0.30859892]
 [0.10751739 0.70251992 0.18996269]
 [0.14761278 0.69994458 0.15244264]
 [0.33269448 0.61398642 0.0533191 ]
 [0.36921743 0.55052019 0.08026238]
 [0.252658   0.45974765 0.28759435]
 [0.88595395 0.09763859 0.01640746]
 [0.089876   0.65066267 0.25946133]
 [0.24540003 0.47119457 0.2834054 ]
 [0.1309749  0.7142708  0.15475429]
 [0.06401615 0.72861738 0.20736647]
 [0.05719715 0.54952993 0.39327292]
 [0.25690539 0.46086257 0.28223204]]","['Labor Force Diff', 'Employed Diff', 'Unemployed Level Diff', '# of Households 10', '# of Families 10', '# of Housing Units 10', 'County Population', 'CARES ESSER I 20', '% Title I Eligible School 2018-2019', 'Teachers:Students 2020-2021', 'Teachers:Students 2018-2019', 'Staff:Students 2018-2019', '% Free Lunch 2020-2021', '% Free Lunch 2018-2019', '% Reduced-price Lunch 2020-2021', '% Asian or Asian/Pacific Islander Students 2018-2019', '% Hispanic Students 2020-2021', '% Black or African American Students 2018-2019', '% White Students 2020-2021', '% Grades 1-8 2020-2021', '% Grades 9-12 2020-2021', '% Prek 2020-2021', '% K 2020-2021', '% K 2018-2019', '% Students Tested Reading - Grade 3 2018-2019', '% Students Tested Reading - Grade 4 2018-2019', '% Students Tested Reading - Grade 5 2018-2019', '% Students Tested Reading - Grade 6 2018-2019', '% Students Tested Reading - Grade 7 2018-2019', '% Students Tested Reading - Grade 3 2020-2021', '% Students Tested Reading - Grade 4 2020-2021', '% Students Tested Reading - Grade 8 2020-2021', 'Average Score Reading All Grade 4 2018-2019', 'Average Score Reading All Grade 7 2018-2019', 'Average Score Reading All Grade 8 2018-2019', '% County Infected 09/28/20', '% County Deaths 09/28/20', '% County Deaths 10/30/20', '% County Deaths 01/29/21', '% On Campus 09/28/20', '% On Campus 10/30/20', '% On Campus 01/29/21', '% Black Pop 10', '% Asian Pop 10', '% Male Pop 10', '% Female Pop 10', '% Age 5-9 Pop 10', '% Age 15-19 Pop 10', '% Age 25-34 Pop 10', '% Age 35-44 Pop 10', '% Age 65-74 Pop 10', '% Age 75-84 Pop 10', '% HH 1 Male 10', '% HH 1 Female 10', '% HH Married-Child 10', '% HH Married-noChild 10', '% HH Female-Child 10', '% Housing Owner Occup 10', '% Housing Renter Occup 10', 'Locale_11-City: Large', 'Locale_12-City: Mid-size', 'Locale_22-Suburb: Mid-size', 'Locale_33-Town: Remote', 'Locale_43-Rural: Remote']","RandomForestClassifier(ccp_alpha=0, criterion='entropy', max_leaf_nodes=31,
                       min_samples_leaf=5, n_estimators=200, n_jobs=-1,
                       random_state=123)",24.546875,"              precision    recall  f1-score   support

          -1       0.85      0.49      0.62        45
           0       0.60      0.94      0.73       104
           1       0.50      0.06      0.11        47

    accuracy                           0.63       196
   macro avg       0.65      0.50      0.49       196
weighted avg       0.63      0.63      0.56       196
"
