,Model,Method,n Selected,best_params,Best Accuracy,Train Accuracy,Test Accuracy,Precision,Recall,F1,MCC,ROC,conf_mat,prediction,predict_proba,features,estimator,Train Time,classification_report
43,GB,Permutation Importance - Random Forest,75,"{'ccp_alpha': 0.001, 'learning_rate': 0.2, 'max_depth': 6, 'max_leaf_nodes': 10, 'min_samples_leaf': 1, 'min_weight_fraction_leaf': 0.1, 'n_estimators': 50}",0.6513307367737748,0.8135376756066411,0.6938775510204082,0.6877091243474133,0.6938775510204082,0.6810255395534915,0.4693604354517388,0.8024460119618317,"[[28 12  3]
 [ 5 90 11]
 [ 2 27 18]]","[ 0  0  0  0  1  0 -1  0  0  0  0  0  0  0  0  0  0  0  0 -1 -1  0  0  0
 -1  1  1  0  0  1  0  1  0  0  0  0  0  0  0  1 -1  1  0  0  0  1  0  0
  0  0  0  0  0 -1  0  0  0  0  1  0  0 -1  0  0  0  1  0  1  0  0 -1  0
  0  0  0  0  1  0 -1  0  0 -1  0  0  0  0  0 -1 -1  0 -1  1  0  1  0  0
  0  1 -1  0 -1  1 -1  0  0  1 -1 -1 -1  0  0  1 -1  1  0  0 -1  0  0  0
  1  0  0  1  0  0  0 -1  0  0  0  1 -1  1  0  0  0  1 -1  0  0  0  0  0
  0  0  0  0 -1  0  0 -1  0  1  1  0  0  1 -1  0  0  1  0 -1  0  0 -1  1
  0  0  0  0  0  0 -1  0  0 -1  1  0  0 -1  0 -1  0 -1  1  0  0 -1  0  0
  0  0  1  0]","[[0.15159245 0.77104102 0.07736653]
 [0.04868996 0.8052462  0.14606384]
 [0.05641968 0.50967269 0.43390763]
 [0.12001877 0.77814201 0.10183922]
 [0.25258315 0.29336409 0.45405276]
 [0.20192414 0.47201757 0.32605829]
 [0.8512503  0.12768734 0.02106236]
 [0.09679813 0.75566285 0.14753902]
 [0.10214438 0.73354704 0.16430858]
 [0.11267012 0.53988332 0.34744655]
 [0.33039986 0.57414639 0.09545375]
 [0.17690486 0.6660889  0.15700624]
 [0.16428491 0.66904857 0.16666652]
 [0.13347448 0.46374153 0.40278399]
 [0.09628859 0.71308469 0.19062673]
 [0.0880674  0.63990874 0.27202386]
 [0.35533264 0.55750925 0.0871581 ]
 [0.05781232 0.52675167 0.41543602]
 [0.07284778 0.71465489 0.21249733]
 [0.40957673 0.40077672 0.18964655]
 [0.90916281 0.07081052 0.02002667]
 [0.06538479 0.65025695 0.28435826]
 [0.06547062 0.83561335 0.09891603]
 [0.07659284 0.85389656 0.0695106 ]
 [0.93922847 0.04286494 0.0179066 ]
 [0.07381739 0.34537158 0.58081103]
 [0.16542512 0.3473485  0.48722638]
 [0.23827785 0.7154554  0.04626675]
 [0.04472221 0.85164938 0.10362841]
 [0.05987867 0.28571573 0.65440561]
 [0.19447728 0.51857968 0.28694303]
 [0.11027039 0.43620863 0.45352098]
 [0.06501443 0.78852476 0.14646082]
 [0.14992068 0.59747428 0.25260504]
 [0.0425785  0.87982749 0.07759401]
 [0.06744341 0.58197455 0.35058204]
 [0.04148275 0.58140876 0.37710849]
 [0.07453147 0.69017215 0.23529638]
 [0.13704674 0.77958964 0.08336362]
 [0.13879068 0.38959642 0.47161289]
 [0.92630711 0.05278693 0.02090596]
 [0.10664597 0.28108365 0.61227038]
 [0.10517727 0.85760981 0.03721291]
 [0.06865568 0.62784309 0.30350124]
 [0.10220596 0.64799636 0.24979769]
 [0.19044361 0.27672553 0.53283086]
 [0.04917436 0.8336679  0.11715775]
 [0.09726731 0.7435129  0.15921978]
 [0.03572824 0.79970765 0.16456411]
 [0.09885089 0.81314631 0.0880028 ]
 [0.07878911 0.71653614 0.20467475]
 [0.06137352 0.77115146 0.16747502]
 [0.32251844 0.53860544 0.13887613]
 [0.8869324  0.08864986 0.02441774]
 [0.19809546 0.55697216 0.24493237]
 [0.27640916 0.67430154 0.04928929]
 [0.10781362 0.73856119 0.1536252 ]
 [0.18758307 0.77890304 0.03351389]
 [0.0887748  0.35697886 0.55424635]
 [0.03888688 0.7565604  0.20455271]
 [0.05029012 0.5034438  0.44626608]
 [0.92186328 0.05360255 0.02453417]
 [0.03842064 0.73276902 0.22881034]
 [0.24708726 0.61067424 0.14223851]
 [0.15834747 0.78646749 0.05518504]
 [0.04860819 0.27371715 0.67767466]
 [0.4020673  0.48024999 0.1176827 ]
 [0.1203484  0.22451966 0.65513194]
 [0.10915286 0.7267139  0.16413325]
 [0.10887352 0.77349483 0.11763165]
 [0.53263098 0.35766539 0.10970363]
 [0.15967464 0.52730484 0.31302052]
 [0.07912328 0.79688249 0.12399423]
 [0.0509306  0.58632012 0.36274928]
 [0.11162739 0.72690108 0.16147153]
 [0.08408496 0.70483398 0.21108107]
 [0.12428756 0.37509045 0.50062199]
 [0.0995247  0.7155713  0.184904  ]
 [0.54611268 0.42353507 0.03035225]
 [0.07713235 0.77323596 0.14963169]
 [0.20609688 0.70072989 0.09317323]
 [0.82598662 0.07218991 0.10182347]
 [0.10098623 0.76169863 0.13731514]
 [0.09744874 0.61554658 0.28700467]
 [0.27462428 0.57207994 0.15329578]
 [0.16725122 0.53169871 0.30105007]
 [0.08190539 0.82257157 0.09552304]
 [0.69699697 0.24293385 0.06006918]
 [0.55076967 0.40864531 0.04058502]
 [0.085776   0.79912177 0.11510223]
 [0.59682034 0.32805041 0.07512925]
 [0.09816338 0.35900295 0.54283367]
 [0.06924133 0.55396039 0.37679828]
 [0.26131361 0.36608923 0.37259716]
 [0.06328332 0.49544427 0.44127241]
 [0.06500387 0.91182057 0.02317557]
 [0.15548838 0.58961894 0.25489269]
 [0.03421951 0.48257966 0.48320083]
 [0.82841523 0.12131887 0.0502659 ]
 [0.06452756 0.65460176 0.28087068]
 [0.81225052 0.14262364 0.04512584]
 [0.05105896 0.41866407 0.53027697]
 [0.9354361  0.04259834 0.02196556]
 [0.0629448  0.84585699 0.09119822]
 [0.12941497 0.83138045 0.03920458]
 [0.03538603 0.44115526 0.52345871]
 [0.71330177 0.23700927 0.04968896]
 [0.61564361 0.34476147 0.03959492]
 [0.80410422 0.11096666 0.08492912]
 [0.11692472 0.55592762 0.32714766]
 [0.09990263 0.69749989 0.20259748]
 [0.1262841  0.36812988 0.50558602]
 [0.81986384 0.15427076 0.0258654 ]
 [0.08362683 0.31474013 0.60163304]
 [0.13981001 0.74476983 0.11542015]
 [0.09365396 0.75644814 0.1498979 ]
 [0.89126513 0.08398634 0.02474853]
 [0.1083394  0.7566756  0.134985  ]
 [0.1108269  0.47451265 0.41466045]
 [0.08753762 0.70748748 0.20497489]
 [0.12272937 0.24475296 0.63251767]
 [0.0828725  0.74234651 0.17478099]
 [0.21465121 0.71922734 0.06612145]
 [0.19650713 0.31748802 0.48600485]
 [0.04685705 0.7014062  0.25173675]
 [0.07760275 0.82811914 0.09427811]
 [0.06910845 0.83875888 0.09213267]
 [0.85520877 0.09876664 0.04602459]
 [0.25485339 0.52133818 0.22380843]
 [0.13464282 0.62476609 0.24059109]
 [0.05178906 0.57290958 0.37530136]
 [0.06515842 0.33449297 0.60034861]
 [0.92324327 0.05376433 0.0229924 ]
 [0.17527662 0.26581942 0.55890395]
 [0.06175078 0.82315549 0.11509372]
 [0.10845185 0.48656012 0.40498803]
 [0.30829607 0.58282476 0.10887917]
 [0.04735129 0.44762097 0.50502774]
 [0.70197254 0.2680071  0.03002036]
 [0.15032024 0.610929   0.23875076]
 [0.1222484  0.79005676 0.08769484]
 [0.46946155 0.49494634 0.03559211]
 [0.11272763 0.52223869 0.36503368]
 [0.05206598 0.57164766 0.37628636]
 [0.08453337 0.78321627 0.13225036]
 [0.04430046 0.77191411 0.18378543]
 [0.06367528 0.6111446  0.32518012]
 [0.07826983 0.6667892  0.25494097]
 [0.7273792  0.22977491 0.04284589]
 [0.06586184 0.66407601 0.27006214]
 [0.12619671 0.45962258 0.41418071]
 [0.92086853 0.0568685  0.02226298]
 [0.0645372  0.75239783 0.18306497]
 [0.09152356 0.45013671 0.45833973]
 [0.0724673  0.44362359 0.48390912]
 [0.06801183 0.61150345 0.32048472]
 [0.07122533 0.50517966 0.42359501]
 [0.12764656 0.40576732 0.46658612]
 [0.59670806 0.26628155 0.1370104 ]
 [0.25717183 0.67369412 0.06913405]
 [0.10826555 0.61367156 0.27806289]
 [0.14871427 0.36215131 0.48913442]
 [0.06299989 0.71813449 0.21886562]
 [0.68879135 0.26488935 0.04631929]
 [0.24077897 0.66403911 0.09518192]
 [0.0700322  0.90262495 0.02734286]
 [0.65492401 0.28629445 0.05878154]
 [0.36955028 0.22788274 0.40256698]
 [0.1391045  0.50764657 0.35324893]
 [0.16278811 0.66222243 0.17498945]
 [0.15792488 0.56976006 0.27231506]
 [0.22783217 0.57589897 0.19626887]
 [0.0647273  0.88076339 0.05450931]
 [0.07042556 0.88409156 0.04548288]
 [0.78311749 0.16469501 0.05218749]
 [0.08855484 0.85225429 0.05919087]
 [0.04682828 0.86062846 0.09254326]
 [0.45298458 0.30239513 0.24462028]
 [0.09950578 0.44763069 0.45286353]
 [0.0500163  0.80176699 0.14821671]
 [0.18156647 0.63720915 0.18122438]
 [0.89069557 0.0876762  0.02162824]
 [0.1261904  0.77644253 0.09736707]
 [0.76765048 0.1776547  0.05469482]
 [0.15535848 0.60136409 0.24327743]
 [0.46381101 0.33737247 0.19881652]
 [0.24867883 0.30045475 0.45086642]
 [0.04458389 0.81655606 0.13886005]
 [0.10401266 0.72894835 0.16703899]
 [0.92483098 0.05003896 0.02513006]
 [0.07512707 0.71202685 0.21284608]
 [0.09626457 0.69924696 0.20448846]
 [0.09265426 0.82302651 0.08431923]
 [0.05449219 0.77303498 0.17247283]
 [0.08537291 0.40920557 0.50542153]
 [0.10477186 0.69464932 0.20057882]]","['Total Students 2018-2019', 'Total Students 2020-2021', 'Labor Force Diff', 'Employed Diff', 'Median Age Male 10', '# of Households 10', 'Avg Household Size 10', '# of Families 10', 'Avg Family Size 10', '# of Housing Units 10', 'County Population', 'CARES ESSER I 20', '% School-wide Title I 2020-2021', '% School-wide Title I 2018-2019', 'Teachers:Students 2020-2021', 'Teachers:Students 2018-2019', 'Staff:Students 2020-2021', 'Staff:Students 2018-2019', '% Free Lunch 2020-2021', '% Free Lunch 2018-2019', '% Reduced-price Lunch 2020-2021', '% Asian or Asian/Pacific Islander Students 2020-2021', '% Asian or Asian/Pacific Islander Students 2018-2019', '% Hispanic Students 2020-2021', '% Black or African American Students 2020-2021', '% Black or African American Students 2018-2019', '% Grades 1-8 2020-2021', '% Grades 1-8 2018-2019', '% Grades 9-12 2020-2021', '% Prek 2020-2021', '% K 2020-2021', '% K 2018-2019', '% ADA 2018-2019', '% ADA 2020-2021', '% Students Tested Math - Grade 4 2018-2019', '% Students Tested Math - Grade 5 2018-2019', '% Students Tested Math - Grade 6 2018-2019', '% Students Tested Math - Grade 8 2018-2019', '% Students Tested Math - Grade 3 2020-2021', '% Students Tested Math - Grade 4 2020-2021', '% Students Tested Math - Grade 5 2020-2021', '% Students Tested Math - Grade 6 2020-2021', '% Students Tested Math - Grade 7 2020-2021', '% Students Tested Math - Grade 8 2020-2021', 'Average Score Math All Grade 3 2018-2019', 'Average Score Math All Grade 4 2018-2019', 'Average Score Math All Grade 5 2018-2019', 'Average Score Math All Grade 6 2018-2019', 'Average Score Math All Grade 7 2018-2019', 'Average Score Math All Grade 8 2018-2019', '% County Infected 09/28/20', '% County Deaths 09/28/20', '% County Infected 10/30/20', '% County Infected 01/29/21', '% County Deaths 01/29/21', '% On Campus 09/28/20', '% On Campus 10/30/20', '% Black Pop 10', '% Hispanic Pop 10', '% Male Pop 10', '% Age 0-4 Pop 10', '% Age 5-9 Pop 10', '% Age 15-19 Pop 10', '% Age 20-24 Pop 10', '% Age 35-44 Pop 10', '% Age 65-74 Pop 10', '% HH 1 Male 10', '% HH 1 Female 10', '% HH Married-Child 10', '% HH Married-noChild 10', '% HH Male-Child 10', '% HH Female-Child 10', '% Housing Owner Occup 10', '% Housing Renter Occup 10', 'Locale_42-Rural: Distant']","GradientBoostingClassifier(ccp_alpha=0.001, learning_rate=0.2, max_depth=6,
                           max_leaf_nodes=10, min_weight_fraction_leaf=0.1,
                           n_estimators=50, n_iter_no_change=20,
                           random_state=123)",38.234375,"              precision    recall  f1-score   support

          -1       0.80      0.65      0.72        43
           0       0.70      0.85      0.77       106
           1       0.56      0.38      0.46        47

    accuracy                           0.69       196
   macro avg       0.69      0.63      0.65       196
weighted avg       0.69      0.69      0.68       196
"
49,GB,No Reduction,114,"{'ccp_alpha': 0, 'learning_rate': 0.2, 'max_depth': 1, 'max_leaf_nodes': 10, 'min_samples_leaf': 1, 'min_weight_fraction_leaf': 0.1, 'n_estimators': 100}",0.6500324569944823,0.7650063856960408,0.6887755102040817,0.6860216912852097,0.6887755102040817,0.666174730184079,0.45761892372941965,0.7995673660963266,"[[26 14  3]
 [ 6 94  6]
 [ 2 30 15]]","[ 0  0  1  0  1  0 -1  0  0  0  0  0  0  1  0  0  0  0  0 -1 -1  0  0  0
 -1  0  1  0  0  0  0  0  0  0  0  0  0  0  0 -1 -1  1  0  1  0  1  0  0
  0  0  0  0  0 -1  0  0  0  0  1  0  0 -1  0  0  0  0  0  1  0  0  0  0
  0  0  0  0  1  0  0  0  0 -1  0  0  0  1  0 -1 -1  0 -1  1  0  0  0  0
  0  0 -1  0 -1  0 -1  0  0  0 -1 -1 -1  0  0  1 -1  1  0  0 -1  0  0  0
  1  0  0 -1  0  0  0 -1  0  0  0  0 -1  1  0  0  0  1 -1  0  0 -1  0  0
  0  0  0  0 -1  0  0 -1  0  1  0  0  1  1 -1  0  0  1  0 -1  0  0  0  1
  0  0  0  0  0  0 -1  0  0  1  1  0  0 -1  0 -1  0  0 -1  0  0 -1  0  0
  0  0  0  0]","[[0.12810325 0.74106819 0.13082856]
 [0.04838516 0.6574797  0.29413514]
 [0.06964388 0.43881943 0.49153669]
 [0.1227113  0.68408278 0.19320592]
 [0.08011025 0.39326431 0.52662545]
 [0.18790745 0.49867844 0.31341411]
 [0.83610013 0.15380506 0.01009482]
 [0.13483445 0.78817064 0.07699491]
 [0.046713   0.76961507 0.18367193]
 [0.03960143 0.63764339 0.32275518]
 [0.39381385 0.52745077 0.07873537]
 [0.17205644 0.705158   0.12278556]
 [0.13259089 0.64063431 0.2267748 ]
 [0.08489723 0.39041713 0.52468564]
 [0.05552641 0.7697414  0.17473219]
 [0.20331538 0.50947687 0.28720775]
 [0.14821358 0.72639213 0.12539429]
 [0.02450519 0.71799067 0.25750414]
 [0.03248775 0.66208244 0.3054298 ]
 [0.82759692 0.11647841 0.05592467]
 [0.95223871 0.04454167 0.00321962]
 [0.09822031 0.66893971 0.23283997]
 [0.08582547 0.82547277 0.08870176]
 [0.06535987 0.87777264 0.05686749]
 [0.94870403 0.04254749 0.00874848]
 [0.07281515 0.57127057 0.35591428]
 [0.12427485 0.4060591  0.46966605]
 [0.27232498 0.66996731 0.05770771]
 [0.04181452 0.78325285 0.17493263]
 [0.0435916  0.49735537 0.45905303]
 [0.14328389 0.52531839 0.33139772]
 [0.0726564  0.52423657 0.40310702]
 [0.06799363 0.76613287 0.1658735 ]
 [0.10458264 0.71495298 0.18046439]
 [0.14099523 0.75181447 0.1071903 ]
 [0.05950013 0.61103428 0.32946559]
 [0.06182135 0.68026076 0.25791789]
 [0.06312093 0.52149865 0.41538042]
 [0.10071234 0.77153415 0.1277535 ]
 [0.45383579 0.41925277 0.12691144]
 [0.94851181 0.04243224 0.00905595]
 [0.07130109 0.26177171 0.6669272 ]
 [0.12121056 0.79847058 0.08031886]
 [0.05781616 0.44504303 0.49714081]
 [0.11291706 0.52733513 0.35974781]
 [0.14139782 0.33889328 0.5197089 ]
 [0.05537848 0.65107818 0.29354334]
 [0.09800524 0.78502529 0.11696947]
 [0.01611099 0.68154683 0.30234218]
 [0.08181783 0.76640234 0.15177983]
 [0.04307057 0.68792563 0.2690038 ]
 [0.04120349 0.76239663 0.19639988]
 [0.15583582 0.68398788 0.16017631]
 [0.93886613 0.05758287 0.003551  ]
 [0.0977305  0.69568696 0.20658253]
 [0.10519663 0.82157387 0.0732295 ]
 [0.21345197 0.62006619 0.16648184]
 [0.19517842 0.75990434 0.04491725]
 [0.03611623 0.47142158 0.49246219]
 [0.03964798 0.75431166 0.20604035]
 [0.04061093 0.57349114 0.38589793]
 [0.96388012 0.02871196 0.00740791]
 [0.03667345 0.56189232 0.40143423]
 [0.26485002 0.62045338 0.11469661]
 [0.13775985 0.79957169 0.06266845]
 [0.04560085 0.53060622 0.42379293]
 [0.10339925 0.8027159  0.09388485]
 [0.06865473 0.23426143 0.69708384]
 [0.08386385 0.75431779 0.16181836]
 [0.10916789 0.80964396 0.08118815]
 [0.36127324 0.51222991 0.12649685]
 [0.09605103 0.69103154 0.21291743]
 [0.04395544 0.72786367 0.22818089]
 [0.06784997 0.64533141 0.28681863]
 [0.08810403 0.75393417 0.1579618 ]
 [0.15454222 0.66318008 0.1822777 ]
 [0.14673609 0.35498893 0.49827499]
 [0.07085368 0.67796474 0.25118158]
 [0.46406385 0.49549538 0.04044077]
 [0.07858326 0.79314994 0.1282668 ]
 [0.22048548 0.73935347 0.04016105]
 [0.96858503 0.01333077 0.0180842 ]
 [0.18051051 0.58224147 0.23724802]
 [0.06319415 0.68701012 0.24979573]
 [0.1313701  0.6715967  0.1970332 ]
 [0.12084423 0.36743018 0.51172558]
 [0.0722007  0.8027225  0.1250768 ]
 [0.46038296 0.38745274 0.1521643 ]
 [0.55977834 0.39489117 0.0453305 ]
 [0.05955584 0.76840329 0.17204087]
 [0.70041366 0.22326863 0.07631772]
 [0.12229934 0.40304411 0.47465655]
 [0.03111979 0.56253982 0.40634039]
 [0.20259397 0.45179374 0.34561229]
 [0.08644729 0.47768026 0.43587246]
 [0.05164587 0.89063778 0.05771636]
 [0.20165555 0.70094755 0.0973969 ]
 [0.03492654 0.58793615 0.3771373 ]
 [0.84584069 0.11903631 0.035123  ]
 [0.05186816 0.6690061  0.27912573]
 [0.81508758 0.13427311 0.05063932]
 [0.04317152 0.55820063 0.39862784]
 [0.94705723 0.04173676 0.01120601]
 [0.0734719  0.8502106  0.0763175 ]
 [0.08747646 0.86876801 0.04375553]
 [0.02916461 0.5372946  0.43354079]
 [0.74864131 0.21661668 0.03474201]
 [0.6490883  0.33568442 0.01522728]
 [0.8941386  0.05970548 0.04615592]
 [0.09128736 0.49623092 0.41248173]
 [0.12379786 0.68817013 0.18803201]
 [0.10607962 0.43025724 0.46366313]
 [0.87189892 0.1207052  0.00739588]
 [0.05794244 0.41948067 0.52257689]
 [0.13700733 0.72642729 0.13656538]
 [0.11710536 0.75999703 0.12289761]
 [0.95253984 0.03984203 0.00761813]
 [0.09070122 0.73992924 0.16936953]
 [0.09051629 0.58486567 0.32461804]
 [0.08952544 0.66860419 0.24187037]
 [0.05818634 0.3777427  0.56407096]
 [0.0775919  0.7265174  0.1958907 ]
 [0.14853562 0.79678929 0.05467508]
 [0.43409893 0.25476064 0.31114043]
 [0.04132043 0.79973274 0.15894683]
 [0.05833004 0.74410126 0.1975687 ]
 [0.09515282 0.76543525 0.13941193]
 [0.86887356 0.09959785 0.03152859]
 [0.36746138 0.55578227 0.07675635]
 [0.09358353 0.57828686 0.32812961]
 [0.07014825 0.63557946 0.29427229]
 [0.05817629 0.54489757 0.39692614]
 [0.94880231 0.03901408 0.01218361]
 [0.23069688 0.34894229 0.42036083]
 [0.04883258 0.78231235 0.16885507]
 [0.04425814 0.67063219 0.28510968]
 [0.39333279 0.51295502 0.09371219]
 [0.03188803 0.41325676 0.55485521]
 [0.87670051 0.11077017 0.01252931]
 [0.07622873 0.67583099 0.24794028]
 [0.10586242 0.75296569 0.14117189]
 [0.53530096 0.40784557 0.05685348]
 [0.09741106 0.65193924 0.25064969]
 [0.05217504 0.62387695 0.32394802]
 [0.18405869 0.68369628 0.13224502]
 [0.01780492 0.76028305 0.22191203]
 [0.1900795  0.53059692 0.27932358]
 [0.04236707 0.67757706 0.28005586]
 [0.70347555 0.2599637  0.03656075]
 [0.0529184  0.54341693 0.40366467]
 [0.07970453 0.54796623 0.37232924]
 [0.9205328  0.06815753 0.01130967]
 [0.04467145 0.7835891  0.17173945]
 [0.08450013 0.44986414 0.46563573]
 [0.06941426 0.53285578 0.39772996]
 [0.07369403 0.58726493 0.33904104]
 [0.06684504 0.43993303 0.49322193]
 [0.06785106 0.40269475 0.52945419]
 [0.72866241 0.19543146 0.07590613]
 [0.23325599 0.68985396 0.07689005]
 [0.33864241 0.46656936 0.19478823]
 [0.08611215 0.41192751 0.50196034]
 [0.03479553 0.61336724 0.35183723]
 [0.74699987 0.2245383  0.02846183]
 [0.0890089  0.83726745 0.07372365]
 [0.05232417 0.88020253 0.06747331]
 [0.38602273 0.56645391 0.04752335]
 [0.11982085 0.35903749 0.52114166]
 [0.101648   0.48873865 0.40961336]
 [0.2257087  0.5401032  0.2341881 ]
 [0.09666367 0.6200673  0.28326903]
 [0.15426104 0.63227974 0.21345921]
 [0.12522268 0.82980885 0.04496847]
 [0.05533936 0.87475929 0.06990135]
 [0.82726377 0.13301867 0.03971756]
 [0.25629249 0.67271665 0.07099086]
 [0.06676379 0.78459995 0.14863627]
 [0.27388793 0.30101773 0.42509433]
 [0.09436375 0.44821685 0.4574194 ]
 [0.20967406 0.64379812 0.14652782]
 [0.09461124 0.494426   0.41096276]
 [0.93670254 0.05321002 0.01008745]
 [0.09524969 0.84789512 0.05685518]
 [0.78449143 0.19481183 0.02069674]
 [0.15971323 0.52936611 0.31092066]
 [0.29343011 0.41048626 0.29608363]
 [0.67181561 0.1403301  0.1878543 ]
 [0.02971796 0.74388016 0.22640188]
 [0.0887545  0.63230082 0.27894468]
 [0.94793037 0.04014608 0.01192355]
 [0.04608892 0.58153516 0.37237592]
 [0.07545439 0.64559733 0.27894828]
 [0.05868158 0.79209328 0.14922514]
 [0.03120765 0.8605503  0.10824205]
 [0.0437024  0.72092228 0.23537532]
 [0.08743097 0.61587827 0.29669075]]","Index(['Total Students 2018-2019', 'Total Students 2020-2021',
       'Labor Force Diff', 'Employed Diff', 'Unemployed Level Diff',
       'Unemployed Rate Diff', 'Median Age 10', 'Median Age Male 10',
       'Median Age Female 10', '# of Households 10',
       ...
       'Locale_13-City: Small', 'Locale_21-Suburb: Large',
       'Locale_22-Suburb: Mid-size', 'Locale_23-Suburb: Small',
       'Locale_31-Town: Fringe', 'Locale_32-Town: Distant',
       'Locale_33-Town: Remote', 'Locale_41-Rural: Fringe',
       'Locale_42-Rural: Distant', 'Locale_43-Rural: Remote'],
      dtype='object', length=114)","GradientBoostingClassifier(ccp_alpha=0, learning_rate=0.2, max_depth=1,
                           max_leaf_nodes=10, min_weight_fraction_leaf=0.1,
                           n_iter_no_change=20, random_state=123)",46.1875,"              precision    recall  f1-score   support

          -1       0.76      0.60      0.68        43
           0       0.68      0.89      0.77       106
           1       0.62      0.32      0.42        47

    accuracy                           0.69       196
   macro avg       0.69      0.60      0.62       196
weighted avg       0.69      0.69      0.67       196
"
15,SVM,RFE - Ridge,56,"{'C': 0.1, 'kernel': 'linear'}",0.6692794547224927,0.7292464878671775,0.6785714285714286,0.6762339081974252,0.6785714285714286,0.6469640915499689,0.44259128709692724,0.7753944754635634,"[[30 12  1]
 [ 9 92  5]
 [ 2 34 11]]","[ 0  0  0  0  1  1 -1  0  0  1 -1  0  0  0  0  0 -1  0  0 -1 -1  0  0  0
 -1  0  0  0  0  0  0  1  0  0  0  0  0  0  0 -1 -1  1 -1  0  1  0  0  0
  0  0  0  0  0 -1  0  0  0  0  0  0  0 -1  0  0  0  0 -1  1  0  0  0  1
  1  0  0  0  1  0  0  0  0 -1  0  0  0  0  0  0  0  0  0  0  0  0  0  0
 -1  0 -1  0 -1  0 -1  0  0  0 -1 -1 -1  0  0  0 -1  0  0  0 -1  0  0  0
  0  0  0  0  0  0  0 -1 -1  0  1  0 -1  0  0  0 -1  0 -1  0  0 -1  0  0
  0  0  0  0 -1  0  0 -1  0  1  0  0  0  1 -1  0 -1 -1  0 -1  0  0 -1  1
  1  0  0  0  0  0 -1  0  0  1  0  0  0 -1  0 -1 -1 -1  0  0  0 -1  1  0
  0  0  0  0]","[[1.77660328e-01 6.45548001e-01 1.76791671e-01]
 [7.12016410e-02 7.34215789e-01 1.94582570e-01]
 [9.39397540e-02 5.35465863e-01 3.70594383e-01]
 [9.18255661e-02 7.56715964e-01 1.51458470e-01]
 [1.07752472e-01 7.74832019e-02 8.14764326e-01]
 [2.57817478e-01 3.59946609e-01 3.82235912e-01]
 [8.31496746e-01 1.60384698e-01 8.11855670e-03]
 [2.90508679e-01 5.63663709e-01 1.45827613e-01]
 [1.11798710e-01 6.83075670e-01 2.05125620e-01]
 [2.37718342e-02 5.24434181e-01 4.51793985e-01]
 [4.83213815e-01 4.85814005e-01 3.09721799e-02]
 [3.11536477e-01 4.96441332e-01 1.92022191e-01]
 [2.19192895e-01 4.91716021e-01 2.89091084e-01]
 [2.28697470e-02 7.27165604e-01 2.49964649e-01]
 [1.16087216e-02 8.44750885e-01 1.43640394e-01]
 [2.00160022e-01 6.15913625e-01 1.83926352e-01]
 [4.22369089e-01 3.77307429e-01 2.00323483e-01]
 [5.55811377e-02 5.78645661e-01 3.65773201e-01]
 [6.19335896e-02 6.79157649e-01 2.58908762e-01]
 [6.32067948e-01 3.13072891e-01 5.48591608e-02]
 [9.90723353e-01 8.79789787e-03 4.78748787e-04]
 [3.83701693e-02 6.26996198e-01 3.34633632e-01]
 [8.45554114e-02 7.80560762e-01 1.34883826e-01]
 [8.17650082e-02 7.71473291e-01 1.46761701e-01]
 [9.76483847e-01 1.91710300e-02 4.34512285e-03]
 [1.11731776e-01 5.04597143e-01 3.83671081e-01]
 [1.79955839e-01 5.47443993e-01 2.72600168e-01]
 [1.38897245e-01 6.97927011e-01 1.63175744e-01]
 [6.55712426e-02 7.15509715e-01 2.18919042e-01]
 [2.71498722e-02 5.27881603e-01 4.44968525e-01]
 [1.71642308e-01 6.32457101e-01 1.95900591e-01]
 [6.65859548e-02 4.04228379e-01 5.29185667e-01]
 [5.04251037e-02 7.57550396e-01 1.92024501e-01]
 [2.03484234e-01 5.74486957e-01 2.22028808e-01]
 [4.37317032e-01 4.96021810e-01 6.66611582e-02]
 [1.52057347e-02 7.10934332e-01 2.73859933e-01]
 [1.85373838e-02 6.70081462e-01 3.11381155e-01]
 [4.33897109e-02 5.34610917e-01 4.21999372e-01]
 [7.72236523e-02 6.79880857e-01 2.42895491e-01]
 [4.50568386e-01 2.67730203e-01 2.81701410e-01]
 [7.96099626e-01 1.76781643e-01 2.71187304e-02]
 [1.43537685e-01 2.84740389e-01 5.71721926e-01]
 [3.61794814e-01 4.35380811e-01 2.02824376e-01]
 [2.07141445e-01 4.92799933e-01 3.00058622e-01]
 [2.38289834e-01 3.00202293e-01 4.61507873e-01]
 [1.86028279e-01 4.66957475e-01 3.47014246e-01]
 [2.21150049e-02 7.73476997e-01 2.04407998e-01]
 [9.14521590e-02 7.19305645e-01 1.89242196e-01]
 [2.80456565e-02 5.94137611e-01 3.77816733e-01]
 [2.11550918e-01 6.05380724e-01 1.83068358e-01]
 [1.35424885e-02 6.28568070e-01 3.57889442e-01]
 [1.41004685e-02 7.67324686e-01 2.18574845e-01]
 [9.09881873e-02 6.12703611e-01 2.96308201e-01]
 [9.41128745e-01 5.82148969e-02 6.56358494e-04]
 [3.82211171e-02 7.61152251e-01 2.00626631e-01]
 [2.81682558e-01 6.45282302e-01 7.30351406e-02]
 [2.88631862e-01 5.41681220e-01 1.69686918e-01]
 [2.01094262e-01 6.26031232e-01 1.72874506e-01]
 [3.24900410e-02 5.79594975e-01 3.87914985e-01]
 [5.55335677e-02 5.71781425e-01 3.72685008e-01]
 [1.49825910e-02 6.03153168e-01 3.81864241e-01]
 [8.74345234e-01 1.10952294e-01 1.47024719e-02]
 [2.14583495e-01 5.83114816e-01 2.02301689e-01]
 [2.06132820e-01 7.15423291e-01 7.84438890e-02]
 [3.32856370e-01 6.37968290e-01 2.91753396e-02]
 [3.48929179e-02 6.25463783e-01 3.39643300e-01]
 [4.79865702e-01 4.58847588e-01 6.12867100e-02]
 [9.91147916e-02 3.57529442e-01 5.43355767e-01]
 [6.43269757e-02 6.62201990e-01 2.73471035e-01]
 [1.01160503e-01 7.23930561e-01 1.74908935e-01]
 [1.57052079e-01 7.27228994e-01 1.15718927e-01]
 [2.04164690e-01 4.05307008e-01 3.90528302e-01]
 [1.23558808e-01 4.25156328e-01 4.51284863e-01]
 [3.21043046e-02 6.55825220e-01 3.12070475e-01]
 [1.16961948e-01 5.43951984e-01 3.39086069e-01]
 [6.19222836e-02 6.77158494e-01 2.60919223e-01]
 [3.00545036e-01 2.99456882e-01 3.99998082e-01]
 [7.68934209e-02 6.17773186e-01 3.05333393e-01]
 [3.31091332e-01 6.57983501e-01 1.09251668e-02]
 [1.50230148e-01 7.17733053e-01 1.32036798e-01]
 [7.77511582e-02 8.63898134e-01 5.83507083e-02]
 [8.68855240e-01 5.59952179e-02 7.51495418e-02]
 [4.56899089e-02 7.57450636e-01 1.96859455e-01]
 [5.45822060e-02 5.42945536e-01 4.02472258e-01]
 [2.09515353e-01 5.82075981e-01 2.08408666e-01]
 [4.67337450e-02 6.10781694e-01 3.42484560e-01]
 [6.30618075e-02 7.71784895e-01 1.65153297e-01]
 [2.22704471e-01 5.42854056e-01 2.34441474e-01]
 [2.02680476e-01 6.06867439e-01 1.90452084e-01]
 [1.57445683e-01 7.27826382e-01 1.14727936e-01]
 [2.22779831e-01 6.21019865e-01 1.56200304e-01]
 [8.48528703e-02 5.60711373e-01 3.54435757e-01]
 [3.96091114e-02 5.87361837e-01 3.73029052e-01]
 [2.01061599e-01 5.46370056e-01 2.52568345e-01]
 [4.09995888e-02 5.56757877e-01 4.02242535e-01]
 [9.49349809e-02 7.92113075e-01 1.12951944e-01]
 [5.69410575e-01 3.01409922e-01 1.29179503e-01]
 [3.56717610e-02 7.13327158e-01 2.51001081e-01]
 [9.64704423e-01 2.73174008e-02 7.97817609e-03]
 [1.05343088e-01 6.15481433e-01 2.79175479e-01]
 [8.27433545e-01 1.14170666e-01 5.83957891e-02]
 [2.76380119e-02 5.88017231e-01 3.84344757e-01]
 [9.83063882e-01 1.51706613e-02 1.76545720e-03]
 [2.95577889e-01 5.49133698e-01 1.55288412e-01]
 [1.41736175e-01 8.52132128e-01 6.13169629e-03]
 [3.41050962e-02 6.42807346e-01 3.23087558e-01]
 [8.56335806e-01 1.25851345e-01 1.78128484e-02]
 [8.25832914e-01 1.67064327e-01 7.10275866e-03]
 [8.87618559e-01 5.17964645e-02 6.05849762e-02]
 [6.36027702e-02 6.71373101e-01 2.65024129e-01]
 [6.78113390e-02 6.22263737e-01 3.09924924e-01]
 [7.20682289e-02 6.12124909e-01 3.15806862e-01]
 [8.04540756e-01 1.92540782e-01 2.91846165e-03]
 [5.45470366e-02 5.18339312e-01 4.27113651e-01]
 [2.17801197e-01 5.57681535e-01 2.24517267e-01]
 [6.35197031e-02 7.03105679e-01 2.33374618e-01]
 [9.23493041e-01 6.65215435e-02 9.98541577e-03]
 [9.33466067e-02 5.43009606e-01 3.63643787e-01]
 [6.81459437e-02 5.55030889e-01 3.76823167e-01]
 [6.11050036e-02 7.28400028e-01 2.10494969e-01]
 [8.74435635e-02 5.61418539e-01 3.51137897e-01]
 [7.71375133e-02 6.22666099e-01 3.00196388e-01]
 [1.25478483e-01 8.38415578e-01 3.61059390e-02]
 [2.60059789e-01 5.12244612e-01 2.27695598e-01]
 [4.64781674e-02 6.61989530e-01 2.91532302e-01]
 [7.25515287e-02 7.23000726e-01 2.04447746e-01]
 [1.27572454e-01 7.36838653e-01 1.35588893e-01]
 [9.78197840e-01 1.77516966e-02 4.05046313e-03]
 [5.21755207e-01 2.89564904e-01 1.88679889e-01]
 [4.12299526e-02 7.77682223e-01 1.81087824e-01]
 [3.74754357e-02 3.48179484e-01 6.14345081e-01]
 [8.77004626e-02 5.02746138e-01 4.09553399e-01]
 [8.46293985e-01 1.33397199e-01 2.03088158e-02]
 [2.12648338e-01 5.97603589e-01 1.89748073e-01]
 [1.36061817e-01 7.41014148e-01 1.22924035e-01]
 [1.44626140e-01 6.76044798e-01 1.79329062e-01]
 [4.75068667e-01 3.50616787e-01 1.74314546e-01]
 [3.04974564e-02 6.05065632e-01 3.64436912e-01]
 [8.28669327e-01 1.70402866e-01 9.27806337e-04]
 [5.23344744e-02 7.74344195e-01 1.73321331e-01]
 [3.69737247e-02 8.36241765e-01 1.26784511e-01]
 [6.17266981e-01 3.50074032e-01 3.26589864e-02]
 [9.03387579e-02 5.53053428e-01 3.56607814e-01]
 [2.61375950e-02 6.22213468e-01 3.51648937e-01]
 [8.46742690e-02 7.67524842e-01 1.47800889e-01]
 [4.30174871e-02 6.61198189e-01 2.95784324e-01]
 [2.50452433e-01 4.98078662e-01 2.51468905e-01]
 [4.97248573e-02 5.97434337e-01 3.52840805e-01]
 [5.29635122e-01 4.55226314e-01 1.51385639e-02]
 [3.51930360e-02 6.52572800e-01 3.12234164e-01]
 [8.95884779e-02 5.66069894e-01 3.44341628e-01]
 [6.45679086e-01 3.15659034e-01 3.86618792e-02]
 [3.79531351e-02 9.40611560e-01 2.14353051e-02]
 [5.34565572e-02 5.06510602e-01 4.40032841e-01]
 [7.21268957e-02 6.41421551e-01 2.86451554e-01]
 [1.18234628e-01 5.73299979e-01 3.08465393e-01]
 [1.31573199e-01 6.44095686e-01 2.24331115e-01]
 [5.24882095e-02 4.66007295e-01 4.81504495e-01]
 [7.76798917e-01 8.07074717e-02 1.42493612e-01]
 [4.59752251e-01 4.80850184e-01 5.93975651e-02]
 [3.94009906e-01 4.03165793e-01 2.02824301e-01]
 [4.71637455e-01 3.38488533e-01 1.89874012e-01]
 [1.88706238e-02 6.13350803e-01 3.67778573e-01]
 [8.12047736e-01 1.69998393e-01 1.79538713e-02]
 [1.40178610e-01 7.84182945e-01 7.56384451e-02]
 [1.76546142e-01 7.23387450e-01 1.00066409e-01]
 [9.47986173e-01 4.86322418e-02 3.38158518e-03]
 [1.83431244e-01 2.92790761e-01 5.23777995e-01]
 [1.00217849e-01 4.26339699e-01 4.73442452e-01]
 [1.04106594e-01 6.98902179e-01 1.96991227e-01]
 [1.31351055e-01 4.77577434e-01 3.91071511e-01]
 [1.13994768e-01 6.61674068e-01 2.24331164e-01]
 [4.72549220e-02 8.87949751e-01 6.47953271e-02]
 [1.97036905e-01 7.87791523e-01 1.51715714e-02]
 [5.65665629e-01 3.78971293e-01 5.53630779e-02]
 [9.88078314e-02 7.00744871e-01 2.00447298e-01]
 [9.54749606e-02 6.84369761e-01 2.20155278e-01]
 [2.55072263e-01 2.33511135e-01 5.11416603e-01]
 [2.21913707e-01 4.39805096e-01 3.38281197e-01]
 [9.87531198e-02 6.77555278e-01 2.23691602e-01]
 [6.65201549e-02 7.47579463e-01 1.85900383e-01]
 [9.63969400e-01 3.02698878e-02 5.76071197e-03]
 [1.97994128e-01 6.09595455e-01 1.92410416e-01]
 [8.49384252e-01 1.49833473e-01 7.82275174e-04]
 [4.71627156e-01 3.24857139e-01 2.03515704e-01]
 [3.84001681e-01 3.83020540e-01 2.32977779e-01]
 [3.60704954e-01 5.50520499e-01 8.87745469e-02]
 [2.05934789e-02 6.73906933e-01 3.05499588e-01]
 [1.43197836e-01 5.54634362e-01 3.02167802e-01]
 [9.83504741e-01 1.50523959e-02 1.44286317e-03]
 [1.37848900e-01 4.49173831e-01 4.12977269e-01]
 [7.93550993e-02 6.06822267e-01 3.13822633e-01]
 [2.48574021e-01 5.90442383e-01 1.60983596e-01]
 [3.96508186e-02 8.48768166e-01 1.11581015e-01]
 [6.15743183e-02 5.42864147e-01 3.95561535e-01]
 [1.96782398e-01 5.51347231e-01 2.51870371e-01]]","['Total Students 2018-2019', 'Total Students 2020-2021', 'Unemployed Level Diff', 'Median Age 10', 'Median Age Male 10', 'Avg Household Size 10', '# of Families 10', 'Avg Family Size 10', 'County Population', 'CARES ESSER I 20', '% School-wide Title I 2020-2021', '% School-wide Title I 2018-2019', '% Title I Eligible School 2020-2021', '% Title I Eligible School 2018-2019', 'Teachers:Students 2018-2019', 'Staff:Students 2018-2019', '% Free Lunch 2020-2021', '% Asian or Asian/Pacific Islander Students 2020-2021', '% Asian or Asian/Pacific Islander Students 2018-2019', '% Hispanic Students 2018-2019', '% Black or African American Students 2020-2021', '% Black or African American Students 2018-2019', '% White Students 2020-2021', '% Grades 9-12 2020-2021', '% Prek 2018-2019', '% K 2018-2019', '% Students Tested Math - Grade 5 2018-2019', '% Students Tested Math - Grade 6 2018-2019', '% Students Tested Math - Grade 7 2018-2019', '% Students Tested Math - Grade 3 2020-2021', '% Students Tested Math - Grade 5 2020-2021', '% Students Tested Math - Grade 6 2020-2021', '% Students Tested Math - Grade 7 2020-2021', '% Students Tested Math - Grade 8 2020-2021', 'Average Score Math All Grade 3 2018-2019', 'Average Score Math All Grade 4 2018-2019', 'Average Score Math All Grade 6 2018-2019', 'Average Score Math All Grade 7 2018-2019', 'Average Score Math All Grade 8 2018-2019', '% County Infected 09/28/20', '% County Infected 10/30/20', '% County Deaths 01/29/21', '% On Campus 09/28/20', '% On Campus 10/30/20', '% On Campus 01/29/21', '% Female Pop 10', '% Age 5-9 Pop 10', '% Age 25-34 Pop 10', '% Age 65-74 Pop 10', '% HH 1 Male 10', '% HH 1 Female 10', '% HH Female-Child 10', '% Housing Owner Occup 10', '% Housing Renter Occup 10', 'Locale_21-Suburb: Large', 'Locale_42-Rural: Distant']","SVC(C=0.1, kernel='linear', probability=True, random_state=123)",0.21875,"              precision    recall  f1-score   support

          -1       0.73      0.70      0.71        43
           0       0.67      0.87      0.75       106
           1       0.65      0.23      0.34        47

    accuracy                           0.68       196
   macro avg       0.68      0.60      0.60       196
weighted avg       0.68      0.68      0.65       196
"
38,RF,SFS - Ridge,57,"{'ccp_alpha': 0, 'criterion': 'gini', 'max_depth': None, 'max_leaf_nodes': None, 'max_samples': None, 'min_samples_leaf': 5, 'n_estimators': 100}",0.6551444336254463,0.9029374201787995,0.673469387755102,0.7170475094525728,0.673469387755102,0.6065788847743735,0.4422680030666627,0.7906358292757819,"[[ 27  15   1]
 [  5 101   0]
 [  1  42   4]]","[ 0  0  1  0  0  1 -1  0  0  0  0  0  0  0  0  0  0  0  0 -1 -1  0  0  0
 -1  0  0  0  0  0  0  0  0  0  0  0  0  0  0  0 -1  0  0  0  0  0  0  0
  0  0  0  0 -1 -1  0  0  0  0  0  0  0 -1  0  0  0  0  0  0  0  0  0  0
  0  0  0  0  1  0  0  0  0 -1  0  0  0  0  0 -1 -1  0 -1  0  0  1  0  0
  0  0 -1  0 -1  0 -1  0  0  0 -1 -1 -1  0  0  0 -1  0  0  0 -1  0  0  0
  0  0  0  0  0  0  0 -1  0  0  0  0 -1  0  0  0  0  0 -1  0  0 -1  0  0
  0  0  0  0 -1  0  0 -1  0  0  0  0  0  0 -1  0  0  0  0 -1  0  0 -1  0
  0  0  0  0  0  0 -1  0  0  0  1  0  0 -1  0 -1  0  0  0  0  0 -1  0  0
  0  0  0  0]","[[0.1360013  0.62715425 0.23684445]
 [0.05561753 0.61310001 0.33128247]
 [0.06085142 0.44248574 0.49666284]
 [0.10041142 0.62269101 0.27689756]
 [0.2618692  0.37450605 0.36362475]
 [0.07713984 0.42363837 0.49922179]
 [0.87725029 0.11177352 0.01097619]
 [0.06750932 0.70151256 0.23097812]
 [0.12154731 0.71508025 0.16337243]
 [0.0433     0.54029945 0.41640055]
 [0.29046591 0.5652282  0.14430589]
 [0.18665182 0.61618173 0.19716644]
 [0.21924221 0.56753176 0.21322603]
 [0.10281551 0.55028959 0.3468949 ]
 [0.09129325 0.53705417 0.37165258]
 [0.1337313  0.66009436 0.20617434]
 [0.21470918 0.64363    0.14166083]
 [0.09595441 0.45678961 0.44725599]
 [0.08777703 0.55638741 0.35583556]
 [0.61850693 0.28308703 0.09840604]
 [0.97536111 0.01852778 0.00611111]
 [0.05542904 0.64808297 0.29648798]
 [0.09429131 0.8309492  0.07475949]
 [0.09895147 0.7814488  0.11959973]
 [0.8677909  0.10437576 0.02783333]
 [0.10947541 0.54801376 0.34251083]
 [0.14809746 0.46858145 0.38332109]
 [0.19038975 0.70504583 0.10456442]
 [0.08486532 0.66535434 0.24978034]
 [0.08561863 0.53859073 0.37579064]
 [0.18948399 0.62265874 0.18785728]
 [0.0818211  0.4971077  0.4210712 ]
 [0.09499847 0.64694342 0.25805811]
 [0.09366361 0.71843923 0.18789716]
 [0.11460807 0.80769447 0.07769746]
 [0.06243226 0.59310636 0.34446138]
 [0.0429957  0.50875973 0.44824458]
 [0.04078918 0.52527907 0.43393175]
 [0.14803513 0.71794048 0.13402439]
 [0.09554175 0.564039   0.34041924]
 [0.96888528 0.03111472 0.        ]
 [0.1417069  0.45128827 0.40700482]
 [0.10400323 0.81233089 0.08366588]
 [0.07029139 0.48947369 0.44023492]
 [0.19040291 0.41902591 0.39057119]
 [0.11527999 0.48414419 0.40057582]
 [0.05284603 0.71628136 0.23087261]
 [0.11762192 0.6972947  0.18508338]
 [0.05391811 0.59723317 0.34884872]
 [0.10122226 0.73574781 0.16302993]
 [0.14489044 0.5260132  0.32909636]
 [0.05990649 0.66091112 0.27918239]
 [0.4140396  0.40352034 0.18244006]
 [0.81086647 0.16703433 0.02209921]
 [0.19136297 0.60582687 0.20281016]
 [0.23450648 0.68844738 0.07704614]
 [0.13470347 0.62128126 0.24401527]
 [0.13053075 0.80217    0.06729926]
 [0.15485237 0.44717922 0.39796841]
 [0.08027876 0.54193964 0.37778159]
 [0.06010419 0.59888975 0.34100606]
 [0.9098097  0.08088474 0.00930556]
 [0.09901089 0.57596964 0.32501947]
 [0.21662176 0.49272576 0.29065247]
 [0.20118889 0.76861014 0.03020097]
 [0.04433486 0.51811307 0.43755207]
 [0.39448857 0.44399137 0.16152006]
 [0.16809765 0.4693238  0.36257855]
 [0.14886452 0.56398501 0.28715047]
 [0.05985329 0.80169894 0.13844777]
 [0.30736351 0.50334748 0.18928901]
 [0.07139586 0.75058466 0.17801948]
 [0.11124233 0.59406666 0.29469102]
 [0.05370452 0.57378478 0.3725107 ]
 [0.09362185 0.76144633 0.14493182]
 [0.10800992 0.63480155 0.25718853]
 [0.1636603  0.32552508 0.51081462]
 [0.08263833 0.6929281  0.22443357]
 [0.47587651 0.49770285 0.02642063]
 [0.08872733 0.68470977 0.2265629 ]
 [0.30784811 0.54701308 0.14513881]
 [0.67871597 0.23237042 0.08891361]
 [0.31588353 0.51685048 0.16726598]
 [0.11214041 0.53950122 0.34835837]
 [0.19172675 0.66216342 0.14610983]
 [0.18081684 0.49859033 0.32059284]
 [0.05951981 0.73669707 0.20378312]
 [0.55374938 0.3220128  0.12423782]
 [0.50770113 0.39541314 0.09688573]
 [0.12032515 0.64273502 0.23693983]
 [0.65053367 0.28369252 0.06577381]
 [0.08132648 0.59652399 0.32214953]
 [0.08065892 0.60094224 0.31839884]
 [0.18479641 0.37147912 0.44372448]
 [0.20602076 0.59365981 0.20031943]
 [0.1035492  0.8366968  0.059754  ]
 [0.17576442 0.51387819 0.31035739]
 [0.0357412  0.59849083 0.36576797]
 [0.80478564 0.13468444 0.06052992]
 [0.06878294 0.66464494 0.26657212]
 [0.77461642 0.17992753 0.04545605]
 [0.08484856 0.63486045 0.28029099]
 [0.99333333 0.00666667 0.        ]
 [0.07908556 0.78643244 0.134482  ]
 [0.23082452 0.74640311 0.02277237]
 [0.08696934 0.54080132 0.37222934]
 [0.79643641 0.16610449 0.0374591 ]
 [0.84227164 0.14034495 0.0173834 ]
 [0.69555856 0.21213695 0.09230448]
 [0.11594503 0.54019758 0.34385739]
 [0.21326891 0.51508081 0.27165028]
 [0.04812302 0.63427804 0.31759894]
 [0.75013234 0.23333895 0.01652871]
 [0.07376521 0.55721753 0.36901726]
 [0.18484086 0.61402279 0.20113634]
 [0.05484649 0.78137696 0.16377656]
 [0.96035516 0.0318869  0.00775794]
 [0.14740195 0.52837325 0.3242248 ]
 [0.07797691 0.61582184 0.30620125]
 [0.15704591 0.65887525 0.18407884]
 [0.09747758 0.48636933 0.4161531 ]
 [0.13577071 0.6350227  0.22920659]
 [0.15736383 0.79147203 0.05116414]
 [0.14115218 0.53164565 0.32720217]
 [0.08973214 0.59953555 0.31073231]
 [0.04275137 0.88716375 0.07008488]
 [0.10318795 0.75586719 0.14094486]
 [0.75251385 0.21347763 0.03400852]
 [0.17385023 0.48233665 0.34381312]
 [0.13702589 0.47552242 0.38745169]
 [0.03844791 0.66983097 0.29172112]
 [0.12867364 0.59821145 0.27311491]
 [0.98147619 0.01652381 0.002     ]
 [0.17452145 0.47654494 0.34893361]
 [0.06100491 0.65327167 0.28572342]
 [0.10138178 0.5649764  0.33364182]
 [0.17093755 0.65847007 0.17059239]
 [0.06265142 0.60839402 0.32895456]
 [0.80652613 0.175458   0.01801587]
 [0.1752881  0.57588532 0.24882658]
 [0.14110971 0.65727531 0.20161498]
 [0.55057332 0.37234971 0.07707698]
 [0.07798624 0.57561536 0.34639841]
 [0.0799097  0.60473633 0.31535397]
 [0.16888232 0.65805516 0.17306251]
 [0.0725018  0.7068424  0.2206558 ]
 [0.0420749  0.66260981 0.2953153 ]
 [0.08147402 0.68184423 0.23668175]
 [0.68083878 0.27159742 0.0475638 ]
 [0.03721861 0.60026183 0.36251956]
 [0.15831505 0.59285126 0.24883369]
 [0.83540423 0.14837354 0.01622222]
 [0.13168183 0.75495513 0.11336304]
 [0.05411995 0.54677904 0.39910101]
 [0.06500091 0.64130139 0.2936977 ]
 [0.03700225 0.60059091 0.36240684]
 [0.11454451 0.53954984 0.34590565]
 [0.20579308 0.52347889 0.27072803]
 [0.48952697 0.35697599 0.15349704]
 [0.2506654  0.65545513 0.09387947]
 [0.09282378 0.52598135 0.38119487]
 [0.21062552 0.57436883 0.21500565]
 [0.08525769 0.67186794 0.24287438]
 [0.66800516 0.29218617 0.03980866]
 [0.21998656 0.65260463 0.12740881]
 [0.05327317 0.89412762 0.05259921]
 [0.73506814 0.20831209 0.05661977]
 [0.2431793  0.49976978 0.25705093]
