,Model,Method,n Selected,best_params,Best Accuracy,Train Accuracy,Test Accuracy,Precision,Recall,F1,MCC,ROC,conf_mat,prediction,predict_proba,features,estimator,Train Time,classification_report
6,Ridge,SFS - Ridge,45,"{'C': 0.01, 'solver': 'saga'}",0.570745044,0.598167539,0.607329843,0.476667162,0.607329843,0.521577043,0.303466519,0.665901821,"[[24 19  0]
 [ 9 92  1]
 [ 0 46  0]]","[-1  0  0  0  0 -1  0  0 -1  0  0  0  0 -1  0  0  0  0  0  0  0  0  0  0
  0 -1  0 -1  0  0 -1  0  0  0  0  0 -1  0  0 -1  0  0  0  0  0  0  0  0
  0  0  0  0 -1  0  1  0  0  0  0  0  0  0  0  0  0  0  0  0  0 -1  0  0
  0  0  0 -1  0  0  0  0  0  0 -1  0  0  0 -1  0  0  0  0  0  0 -1  0  0
  0  0  0  0  0  0  0  0 -1  0 -1  0  0  0  0  0 -1  0  0  0 -1  0  0  0
  0 -1  0 -1 -1 -1 -1  0  0  0 -1 -1  0  0  0  0  0  0  0  0  0  0  0 -1
 -1  0  0  0 -1  0  0  0  0  0  0  0  0  0  0  0  0 -1  0  0  0  0  0  0
  0  0  0  0  0  0  0  0 -1  0  0  0  0 -1  0  0  0 -1  0  0  0  0  0]","[[0.48724161 0.46382937 0.04892901]
 [0.17674757 0.54035471 0.28289773]
 [0.3436726  0.54479364 0.11153376]
 [0.18455327 0.49159883 0.3238479 ]
 [0.15374121 0.55764281 0.28861597]
 [0.58330167 0.3712467  0.04545164]
 [0.119408   0.58647067 0.29412133]
 [0.26164463 0.39591422 0.34244115]
 [0.45500127 0.43833114 0.1066676 ]
 [0.14186513 0.56006855 0.29806632]
 [0.13011386 0.56743621 0.30244993]
 [0.14716155 0.53856914 0.31426931]
 [0.12285763 0.58418454 0.29295784]
 [0.52699655 0.35883751 0.11416594]
 [0.18516549 0.58220969 0.23262482]
 [0.41160833 0.46490588 0.1234858 ]
 [0.14671305 0.51458315 0.3387038 ]
 [0.16316338 0.59057774 0.24625887]
 [0.23109984 0.54967364 0.21922652]
 [0.12329217 0.54791951 0.32878832]
 [0.09649303 0.51357411 0.38993286]
 [0.29961963 0.51756691 0.18281346]
 [0.32660384 0.55233953 0.12105662]
 [0.10764056 0.63884305 0.25351639]
 [0.11031444 0.65083824 0.23884732]
 [0.58661931 0.37248049 0.04090019]
 [0.15774522 0.52259999 0.3196548 ]
 [0.57193941 0.37567458 0.05238601]
 [0.15315284 0.57514505 0.2717021 ]
 [0.12107542 0.54044868 0.33847589]
 [0.57324075 0.36532017 0.06143908]
 [0.24635353 0.55506196 0.19858452]
 [0.18614218 0.59974757 0.21411026]
 [0.4243142  0.46528195 0.11040385]
 [0.08807737 0.56480973 0.3471129 ]
 [0.17606758 0.58427171 0.2396607 ]
 [0.51673922 0.40467533 0.07858545]
 [0.10232253 0.66352391 0.23415356]
 [0.13742345 0.60117396 0.26140259]
 [0.47058406 0.43664857 0.09276737]
 [0.11473725 0.59985985 0.2854029 ]
 [0.13166751 0.56892204 0.29941044]
 [0.14566622 0.60263436 0.25169942]
 [0.1416671  0.59435814 0.26397476]
 [0.32603939 0.58565679 0.08830382]
 [0.16779123 0.54805754 0.28415123]
 [0.19006429 0.51728877 0.29264694]
 [0.12176203 0.54430348 0.33393448]
 [0.06160516 0.59602277 0.34237207]
 [0.37339109 0.51498379 0.11162513]
 [0.16151291 0.55791818 0.28056891]
 [0.17042303 0.59012421 0.23945276]
 [0.77384895 0.20006973 0.02608132]
 [0.2436147  0.52085626 0.23552903]
 [0.23736815 0.15767806 0.60495379]
 [0.13497997 0.53360682 0.33141321]
 [0.15982855 0.52160114 0.31857031]
 [0.09292262 0.61218531 0.29489207]
 [0.37381307 0.49612924 0.13005769]
 [0.35590455 0.4900334  0.15406205]
 [0.2194665  0.67144334 0.10909016]
 [0.17533016 0.58828842 0.23638142]
 [0.11686081 0.55740964 0.32572955]
 [0.34326572 0.45111687 0.20561741]
 [0.13244624 0.64402155 0.2235322 ]
 [0.06381301 0.57559179 0.36059519]
 [0.17309164 0.56006055 0.26684781]
 [0.32574667 0.59377378 0.08047954]
 [0.27411262 0.5861876  0.13969977]
 [0.48215163 0.34210883 0.17573953]
 [0.0721754  0.64440882 0.28341578]
 [0.15876518 0.50840998 0.33282484]
 [0.1121469  0.49749206 0.39036104]
 [0.08896021 0.63726925 0.27377053]
 [0.10077135 0.684995   0.21423365]
 [0.5049172  0.41279249 0.08229032]
 [0.13324604 0.6301135  0.23664046]
 [0.16164729 0.66666812 0.17168459]
 [0.23075762 0.46882543 0.30041695]
 [0.12792389 0.57872316 0.29335295]
 [0.27059192 0.4511517  0.27825638]
 [0.19650536 0.50670833 0.29678631]
 [0.66123104 0.29561425 0.04315471]
 [0.25272773 0.49985979 0.24741249]
 [0.24246109 0.58208444 0.17545448]
 [0.17873999 0.46507652 0.35618349]
 [0.49605001 0.46995739 0.03399259]
 [0.10330198 0.57045256 0.32624547]
 [0.12057717 0.58788034 0.29154248]
 [0.28705881 0.61063433 0.10230686]
 [0.11414722 0.64710639 0.2387464 ]
 [0.27178993 0.55788661 0.17032347]
 [0.15635046 0.49646739 0.34718214]
 [0.66495478 0.32794324 0.00710197]
 [0.30497931 0.54668211 0.14833858]
 [0.19903772 0.54979325 0.25116902]
 [0.10345346 0.71342168 0.18312486]
 [0.21758654 0.47395682 0.30845664]
 [0.12604977 0.58111138 0.29283885]
 [0.17621474 0.42371541 0.40006985]
 [0.1948393  0.42412588 0.38103482]
 [0.14344636 0.5450823  0.31147134]
 [0.33597263 0.58401706 0.08001031]
 [0.34295618 0.44869183 0.20835199]
 [0.54657673 0.30588875 0.14753452]
 [0.21636109 0.54119237 0.24244653]
 [0.55889154 0.38673498 0.05437348]
 [0.2358748  0.56391658 0.20020862]
 [0.19716851 0.48081918 0.32201231]
 [0.20150873 0.49039821 0.30809306]
 [0.17107043 0.53100842 0.29792115]
 [0.43503662 0.46163611 0.10332727]
 [0.44603047 0.39891278 0.15505675]
 [0.1207171  0.66572471 0.21355818]
 [0.11938615 0.55313096 0.32748289]
 [0.18850718 0.49796883 0.31352398]
 [0.54365039 0.37504329 0.08130632]
 [0.11581153 0.57819401 0.30599446]
 [0.16992474 0.55319246 0.27688281]
 [0.1981279  0.49721832 0.30465378]
 [0.402501   0.50864808 0.08885092]
 [0.48472678 0.47314705 0.04212617]
 [0.14005473 0.46239538 0.39754989]
 [0.58471874 0.29153424 0.12374702]
 [0.53807225 0.36194678 0.09998097]
 [0.68625972 0.25355574 0.06018454]
 [0.48792953 0.37160772 0.14046274]
 [0.21440084 0.49598968 0.28960948]
 [0.17178521 0.57144592 0.25676887]
 [0.15898894 0.54857348 0.29243758]
 [0.49387902 0.43605589 0.0700651 ]
 [0.5679258  0.38682445 0.04524975]
 [0.17211662 0.60379773 0.22408565]
 [0.16241469 0.55948943 0.27809588]
 [0.28219413 0.53384051 0.18396536]
 [0.2651734  0.63333789 0.1014887 ]
 [0.3496607  0.58235653 0.06798277]
 [0.09304157 0.66251712 0.24444131]
 [0.42786187 0.48797666 0.08416147]
 [0.29368472 0.57820835 0.12810692]
 [0.13665204 0.58993665 0.27341131]
 [0.35679235 0.44820057 0.19500708]
 [0.18873199 0.59169622 0.2195718 ]
 [0.4767139  0.42442262 0.09886348]
 [0.72710009 0.23874699 0.03415292]
 [0.13141798 0.64796252 0.22061951]
 [0.16511524 0.55640084 0.27848392]
 [0.19319836 0.65641996 0.15038168]
 [0.49988875 0.46662555 0.0334857 ]
 [0.18867595 0.52480306 0.28652099]
 [0.18471061 0.53250601 0.28278338]
 [0.16429776 0.52849437 0.30720787]
 [0.18432412 0.53424379 0.28143209]
 [0.10083337 0.59839646 0.30077017]
 [0.11602471 0.62874795 0.25522734]
 [0.08448699 0.67183442 0.24367859]
 [0.20026172 0.58544313 0.21429514]
 [0.36998426 0.48403829 0.14597745]
 [0.28214087 0.55091966 0.16693947]
 [0.43982503 0.4578439  0.10233107]
 [0.13973902 0.51352071 0.34674027]
 [0.55556398 0.38201463 0.06242139]
 [0.31561048 0.54907139 0.13531812]
 [0.31790961 0.46365121 0.21843918]
 [0.13783593 0.57303962 0.28912445]
 [0.12804472 0.58267601 0.28927927]
 [0.11228354 0.57979471 0.30792175]
 [0.20095343 0.61424945 0.18479713]
 [0.26439761 0.46384    0.27176239]
 [0.12172635 0.663566   0.21470765]
 [0.17778946 0.43269553 0.38951501]
 [0.14647458 0.56476319 0.28876223]
 [0.07857926 0.57580779 0.34561296]
 [0.26138872 0.55611332 0.18249796]
 [0.1588353  0.53951874 0.30164596]
 [0.0955367  0.51168054 0.39278276]
 [0.5623064  0.37742488 0.06026872]
 [0.17101888 0.47538764 0.35359348]
 [0.29313635 0.53743387 0.16942978]
 [0.10624066 0.63261569 0.26114365]
 [0.09667724 0.6453693  0.25795346]
 [0.48775361 0.4292559  0.08299048]
 [0.39832212 0.4959696  0.10570829]
 [0.1561496  0.49430603 0.34954437]
 [0.36698496 0.4770008  0.15601424]
 [0.45867934 0.4334801  0.10784056]
 [0.10037121 0.49393388 0.40569492]
 [0.18422048 0.52008784 0.29569168]
 [0.40227618 0.44796167 0.14976215]
 [0.1219492  0.56157518 0.31647562]
 [0.12359872 0.55329547 0.32310582]]","['CARES ESSER I 20', 'ARP ESSER III 21', '% Reduced-price Lunch Diff', 'CRRSA ESSER II 21', '% Prek Diff', '% On Campus 09/28/20', '% Black Diff', 'ESSER-SUPP 23', '% Tested Reading G7 Diff', '% Tested Reading G6 Diff', '% Tested Reading G4 Diff', '% On Campus 01/29/21', 'Total Schools Diff', 'Labor Force Diff', '% Kinder Diff', '% Grades 9-12 Diff', '% Grades 1-8 Diff', '% Free Lunch Diff', '% Age 20-24 Pop 10', 'Locale_43-Rural: Remote', 'Locale_32-Town: Distant', 'Locale_31-Town: Fringe', 'Locale_13-City: Small', 'ESSER-SUPP 22', '% Title 1 School-wide Diff', '% Tested Reading G8 Diff', '% Tested Reading G5 Diff', '% Tested Reading G3 Diff', '% Male Pop 10', '% HH Male-Child 10', '% Female Pop 10', '% ADA Diff', 'Locale_23-Suburb: Small', 'Locale_12-City: Mid-size', '% Title 1 Eligible Diff', '% Operational Schools Diff', '% Housing Vacant 10', '% Housing Renter Occup 10', '% Housing Owner Occup 10', '% Age 15-19 Pop 10', '% HH 1 Male 10', '% County Infected 01/29/21', '% Age 65-74 Pop 10', '% Age 55-64 Pop 10', '% Age 5-9 Pop 10']","LogisticRegression(C=0.01, max_iter=10000, multi_class='ovr', n_jobs=-1,
                   random_state=123, solver='saga')",0.515625,"              precision    recall  f1-score   support

          -1       0.73      0.56      0.63        43
           0       0.59      0.90      0.71       102
           1       0.00      0.00      0.00        46

    accuracy                           0.61       191
   macro avg       0.44      0.49      0.45       191
weighted avg       0.48      0.61      0.52       191
"
2,Ridge,Permutation Importance - Random Forest,26,"{'C': 0.01, 'solver': 'liblinear'}",0.564336979,0.577225131,0.591623037,0.572838487,0.591623037,0.524546134,0.276197045,0.65073471,"[[26 17  0]
 [15 85  2]
 [ 1 43  2]]","[-1  0 -1  0  0 -1  0  0 -1  0  0  0  0 -1  0  0  0  0  0  0  1  0  0  0
  0 -1  0 -1  0  0 -1  0  0 -1  0  0 -1  0  0 -1  0  0  0  0 -1  0  0  0
  0  0  0  0 -1  0  0  0  0  0 -1  0  0  0  0  0  0  0  0  0  0 -1  0  0
  0  0  0 -1  0  0  0  0  0  0 -1  0  0  0 -1  0  0  0  0  0  0 -1 -1  0
  0  0  0  0  1  0  0  0 -1  0  0  0  0  0  0 -1 -1  0  0  0 -1  0  0  0
  0 -1  0 -1 -1 -1  0  0  0  0 -1 -1  0  0  0  0  0  0 -1  0  0  0  0 -1
 -1  0  0  0 -1  1  0  0  0  0  0  0  0  0  0 -1  0 -1 -1  0  0  0  0  0
  0  0  0  0  0  0  0  0 -1  0  0  0  0 -1 -1  1 -1 -1  0  0  0  0  0]","[[0.47384501 0.43048498 0.09567002]
 [0.21046253 0.47321413 0.31632335]
 [0.48338669 0.3613016  0.15531171]
 [0.22985225 0.42559954 0.34454821]
 [0.2072822  0.44854922 0.34416859]
 [0.52853599 0.36269671 0.1087673 ]
 [0.20545329 0.46276653 0.33178018]
 [0.28517431 0.38926762 0.32555806]
 [0.48286033 0.3527392  0.16440047]
 [0.20069031 0.45467297 0.34463671]
 [0.20340235 0.4583929  0.33820475]
 [0.2376306  0.44404706 0.31832234]
 [0.20898877 0.43563197 0.35537925]
 [0.46492856 0.40361817 0.13145327]
 [0.24001736 0.48788822 0.27209442]
 [0.28528494 0.48682027 0.22789478]
 [0.19853539 0.47302529 0.32843933]
 [0.24603792 0.44698217 0.30697992]
 [0.24024889 0.43864932 0.32110179]
 [0.19582445 0.47414002 0.33003553]
 [0.21112782 0.343936   0.44493618]
 [0.35420979 0.41708754 0.22870267]
 [0.40280075 0.42734363 0.16985562]
 [0.20198305 0.4595493  0.33846765]
 [0.20051572 0.50273921 0.29674507]
 [0.52639816 0.36632394 0.1072779 ]
 [0.1980015  0.46304158 0.33895691]
 [0.55359881 0.31530048 0.13110071]
 [0.26267743 0.46434396 0.27297861]
 [0.19024384 0.43241227 0.37734389]
 [0.49268685 0.38575408 0.12155907]
 [0.31386258 0.43326704 0.25287038]
 [0.31340324 0.49912595 0.1874708 ]
 [0.45563377 0.40305006 0.14131618]
 [0.15632324 0.4777583  0.36591845]
 [0.21603963 0.47348506 0.31047532]
 [0.51416629 0.34189108 0.14394263]
 [0.22688138 0.46896369 0.30415493]
 [0.21995697 0.45367398 0.32636905]
 [0.45714858 0.41759169 0.12525973]
 [0.19367032 0.48958802 0.31674166]
 [0.21857881 0.47167473 0.30974646]
 [0.2135836  0.48329304 0.30312336]
 [0.21354449 0.47872141 0.3077341 ]
 [0.4112116  0.38905601 0.19973239]
 [0.19783664 0.45982542 0.34233794]
 [0.22850149 0.43132685 0.34017166]
 [0.20848555 0.44083685 0.3506776 ]
 [0.10562833 0.48736329 0.40700839]
 [0.41432557 0.42392113 0.1617533 ]
 [0.22400589 0.46938091 0.3066132 ]
 [0.25882747 0.46067736 0.28049518]
 [0.63815277 0.24629853 0.1155487 ]
 [0.3148984  0.40746054 0.27764106]
 [0.17537513 0.46787823 0.35674664]
 [0.22462773 0.46749653 0.30787573]
 [0.16946392 0.43509162 0.39544446]
 [0.23197285 0.47651853 0.29150862]
 [0.40222765 0.38823759 0.20953476]
 [0.25091259 0.45814224 0.29094517]
 [0.28526599 0.59438524 0.12034877]
 [0.19852913 0.47237734 0.32909354]
 [0.19266895 0.48776519 0.31956585]
 [0.38631679 0.39004232 0.22364089]
 [0.19507144 0.53305108 0.27187748]
 [0.1441084  0.52899463 0.32689697]
 [0.2469394  0.45972778 0.29333282]
 [0.293855   0.5013526  0.2047924 ]
 [0.3608394  0.40779151 0.2313691 ]
 [0.47461604 0.29568618 0.22969778]
 [0.18991357 0.51748394 0.29260249]
 [0.2238478  0.41566726 0.36048494]
 [0.25406057 0.43209625 0.31384317]
 [0.20036163 0.45561378 0.34402458]
 [0.16388159 0.58766316 0.24845525]
 [0.51192569 0.33825515 0.14981916]
 [0.21696461 0.47700606 0.30602933]
 [0.3310206  0.45225789 0.21672151]
 [0.23172633 0.44567771 0.32259596]
 [0.22533898 0.43242756 0.34223345]
 [0.29891551 0.37532818 0.32575631]
 [0.17089939 0.45530043 0.37380018]
 [0.62785364 0.27795777 0.09418859]
 [0.29561407 0.37867185 0.32571408]
 [0.34089556 0.485418   0.17368644]
 [0.20171393 0.45298796 0.34529812]
 [0.46054983 0.42365595 0.11579421]
 [0.19741977 0.46562142 0.33695882]
 [0.22302546 0.44620792 0.33076661]
 [0.393623   0.45590137 0.15047563]
 [0.24069993 0.47197022 0.28732985]
 [0.35783949 0.46641018 0.17575034]
 [0.18861868 0.45318403 0.35819729]
 [0.62612458 0.28254777 0.09132765]
 [0.38218658 0.37938769 0.23842573]
 [0.23731828 0.44887587 0.31380585]
 [0.1896261  0.60523991 0.20513399]
 [0.20585101 0.44601098 0.34813801]
 [0.22285444 0.49081703 0.28632853]
 [0.19919035 0.42071313 0.38009652]
 [0.28839467 0.28014452 0.43146081]
 [0.21248435 0.4652634  0.32225225]
 [0.38310107 0.40858128 0.20831765]
 [0.26312146 0.42574836 0.31113019]
 [0.49067791 0.31214124 0.19718085]
 [0.29170546 0.46799113 0.24030341]
 [0.36526715 0.41383303 0.22089982]
 [0.2545287  0.47760998 0.26786132]
 [0.22687882 0.44196227 0.33115891]
 [0.24801729 0.46166175 0.29032095]
 [0.22747933 0.43476094 0.33775973]
 [0.45097879 0.3773182  0.17170301]
 [0.42168742 0.34269305 0.23561953]
 [0.24066617 0.50732182 0.25201201]
 [0.19081012 0.44352405 0.36566583]
 [0.24816876 0.45070342 0.30112782]
 [0.45207511 0.36695145 0.18097344]
 [0.23598356 0.43878014 0.3252363 ]
 [0.25779677 0.42898166 0.31322157]
 [0.19624361 0.44488337 0.35887301]
 [0.3786483  0.44737603 0.17397567]
 [0.49459379 0.35828767 0.14711854]
 [0.1834148  0.42851478 0.38807042]
 [0.50917926 0.31421177 0.17660898]
 [0.5714227  0.29033916 0.13823814]
 [0.56980367 0.27996631 0.15023002]
 [0.39855748 0.45222347 0.14921905]
 [0.28378872 0.43080521 0.28540607]
 [0.22602911 0.45923939 0.3147315 ]
 [0.18167236 0.50311941 0.31520824]
 [0.50019836 0.35003369 0.14976795]
 [0.51450972 0.3359703  0.14951998]
 [0.34740855 0.40807049 0.24452097]
 [0.27767026 0.38558032 0.33674941]
 [0.29054054 0.47468432 0.23477513]
 [0.3633919  0.41305029 0.22355782]
 [0.3963788  0.4012654  0.2023558 ]
 [0.25452128 0.48154749 0.26393123]
 [0.45341318 0.36178922 0.1847976 ]
 [0.36638279 0.46200991 0.17160729]
 [0.22614316 0.45222927 0.32162757]
 [0.34564449 0.48036458 0.17399093]
 [0.24026201 0.4612471  0.29849089]
 [0.56609455 0.30792361 0.12598184]
 [0.59248716 0.28925778 0.11825506]
 [0.20498185 0.50945472 0.28556344]
 [0.21864103 0.46976525 0.31159371]
 [0.22695344 0.4617168  0.31132976]
 [0.41431405 0.40827843 0.17740752]
 [0.30503844 0.32836426 0.3665973 ]
 [0.2191102  0.47371945 0.30717035]
 [0.22337305 0.43702242 0.33960453]
 [0.19807733 0.44291691 0.35900576]
 [0.17562523 0.51665396 0.30772082]
 [0.21340584 0.49878844 0.28780572]
 [0.17960731 0.53467012 0.28572257]
 [0.24264271 0.48109201 0.27626527]
 [0.32103719 0.42134383 0.25761898]
 [0.25752402 0.47707018 0.26540579]
 [0.45502335 0.38144247 0.16353419]
 [0.22983704 0.46809149 0.30207147]
 [0.47715415 0.38236544 0.14048041]
 [0.40506953 0.38356409 0.21136638]
 [0.17848099 0.46671807 0.35480093]
 [0.20296068 0.50969502 0.2873443 ]
 [0.19329387 0.46428367 0.34242246]
 [0.19595524 0.49146433 0.31258043]
 [0.29173429 0.49680786 0.21145785]
 [0.32288272 0.36634198 0.3107753 ]
 [0.31715856 0.44816519 0.23467625]
 [0.20839891 0.43159182 0.36000927]
 [0.27143522 0.43615446 0.29241032]
 [0.1416571  0.49038395 0.36795895]
 [0.24283624 0.46779787 0.28936589]
 [0.22893138 0.42768012 0.3433885 ]
 [0.19231591 0.47326129 0.3344228 ]
 [0.52428143 0.33447332 0.14124525]
 [0.2209933  0.44695074 0.33205596]
 [0.27410021 0.45965732 0.26624247]
 [0.16887199 0.519039   0.31208901]
 [0.18548594 0.51618046 0.2983336 ]
 [0.46858176 0.3625371  0.16888114]
 [0.51260536 0.3358012  0.15159343]
 [0.23559657 0.32530194 0.43910149]
 [0.51402431 0.32339965 0.16257604]
 [0.48854457 0.3463295  0.16512592]
 [0.1614021  0.44148343 0.39711446]
 [0.22959206 0.44687908 0.32352886]
 [0.27283189 0.39207522 0.33509289]
 [0.17062575 0.47113563 0.35823861]
 [0.20916891 0.46528029 0.3255508 ]]","['ARP ESSER III 21', '% Reduced-price Lunch Diff', '% On Campus 09/28/20', '% Black Diff', 'ESSER-SUPP 23', '% Tested Reading G6 Diff', '% Tested Reading G4 Diff', 'Total Schools Diff', 'Median Age Female 10', '% Grades 9-12 Diff', '% Age 20-24 Pop 10', 'Unemployed Rate Diff', 'County Population', '% White Pop 10', '% Title 1 School-wide Diff', '% HH Married-noChild 10', '% HH Male-Child 10', '% Female Pop 10', '% Black Pop 10', '% Asian Pop 10', '# of Households 10', '% Housing Vacant 10', '% Age 15-19 Pop 10', '% HH Female-Child 10', '% Age 5-9 Pop 10', '% Age 0-4 Pop 10']","LogisticRegression(C=0.01, max_iter=10000, multi_class='ovr', n_jobs=-1,
                   random_state=123, solver='liblinear')",0.453125,"              precision    recall  f1-score   support

          -1       0.62      0.60      0.61        43
           0       0.59      0.83      0.69       102
           1       0.50      0.04      0.08        46

    accuracy                           0.59       191
   macro avg       0.57      0.49      0.46       191
weighted avg       0.57      0.59      0.52       191
"
15,SVM,SFS - KNN,45,"{'C': 10, 'kernel': 'rbf'}",0.560406699,0.785340314,0.586387435,0.550536375,0.586387435,0.552584775,0.27386715,0.667621674,"[[24 15  4]
 [12 81  9]
 [ 3 36  7]]","[-1  0  0  0  0 -1  0  0  0  0  0  0  0 -1  1 -1  0  0  0  0  1  0 -1  0
  0 -1  1 -1  0  0 -1  0  0 -1  1  0 -1  0  0  0  1  1  0  0  0  0  0  1
  1 -1  0  0 -1  0  1  0  1  0  0  0  1  0  0  0  0  0  0 -1  0  0  0  1
  1  0  0 -1  0  0  0  0  0 -1 -1  0  0  0  0  0  0  0  0  0  0 -1  0  0
  0  0  0  1  0  0  0  1  0 -1 -1  0  0  1  0 -1  0  0  0  0 -1  0  0  0
  0 -1  0 -1 -1 -1  0  0  0  0 -1 -1  0  0  0 -1  0  0  0 -1  0  0  0  1
 -1  0  0  0 -1  0  0  0  0  0  0  0  0  0  0 -1  1 -1  0 -1  0  0  0  0
  1  0  0  0  0  0  0  0 -1  0  0  0  1 -1 -1  0  0 -1  0  0 -1  0  0]","[[0.47688983 0.42163773 0.10147244]
 [0.15175193 0.58579065 0.26245742]
 [0.20696551 0.61163482 0.18139967]
 [0.10327302 0.60777165 0.28895533]
 [0.1390005  0.60973012 0.25126937]
 [0.34547721 0.48890216 0.16562063]
 [0.11080401 0.60175119 0.28744479]
 [0.19579442 0.47617843 0.32802715]
 [0.14617591 0.6198372  0.23398689]
 [0.13185066 0.56612846 0.30202088]
 [0.12410906 0.65559531 0.22029562]
 [0.15058141 0.61721329 0.2322053 ]
 [0.19324771 0.53908211 0.26767018]
 [0.53142988 0.32852141 0.14004872]
 [0.14598477 0.48722313 0.36679211]
 [0.56454712 0.30026298 0.1351899 ]
 [0.16008269 0.62902021 0.2108971 ]
 [0.15273173 0.63677814 0.21049012]
 [0.14148017 0.67265725 0.18586258]
 [0.12565068 0.6442464  0.23010292]
 [0.18543547 0.38005344 0.43451109]
 [0.31514098 0.56220558 0.12265344]
 [0.48359978 0.28596286 0.23043736]
 [0.17996611 0.52980451 0.29022938]
 [0.09103725 0.64423004 0.26473271]
 [0.40338185 0.40031238 0.19630576]
 [0.11343841 0.51579684 0.37076475]
 [0.50853283 0.38624569 0.10522148]
 [0.18394477 0.62609986 0.18995537]
 [0.19308253 0.59151871 0.21539877]
 [0.51604023 0.39788926 0.0860705 ]
 [0.13086672 0.65305925 0.21607403]
 [0.27793303 0.61400733 0.10805965]
 [0.56668534 0.26381885 0.16949581]
 [0.15358862 0.45479042 0.39162096]
 [0.12642111 0.64587665 0.22770224]
 [0.43456271 0.35026872 0.21516857]
 [0.10649907 0.61941131 0.27408962]
 [0.13313854 0.68029296 0.1865685 ]
 [0.3729035  0.5409618  0.0861347 ]
 [0.11612868 0.53889058 0.34498074]
 [0.15068116 0.48018518 0.36913366]
 [0.1239677  0.67510922 0.20092308]
 [0.09208566 0.61879027 0.28912407]
 [0.36099859 0.50088084 0.13812057]
 [0.28635388 0.56978124 0.14386488]
 [0.21892804 0.52059512 0.26047684]
 [0.17500273 0.45030204 0.37469523]
 [0.39044273 0.24841424 0.36114303]
 [0.44147853 0.46236952 0.09615195]
 [0.2557236  0.54041224 0.20386416]
 [0.121513   0.66507132 0.21341568]
 [0.47997251 0.34263618 0.17739131]
 [0.21823397 0.6485606  0.13320543]
 [0.24635831 0.35370884 0.39993285]
 [0.11394868 0.60274776 0.28330356]
 [0.15909753 0.42816372 0.41273874]
 [0.16842112 0.55419677 0.27738211]
 [0.26119334 0.48817153 0.25063513]
 [0.2256119  0.58654452 0.18784358]
 [0.38600768 0.2710785  0.34291382]
 [0.15210794 0.62067347 0.22721859]
 [0.13882069 0.61735396 0.24382535]
 [0.23115485 0.6470503  0.12179485]
 [0.0978849  0.6664253  0.2356898 ]
 [0.21128355 0.54924105 0.2394754 ]
 [0.10158654 0.67108085 0.22733261]
 [0.36817726 0.37766541 0.25415733]
 [0.24546048 0.53532148 0.21921804]
 [0.34503195 0.50061578 0.15435227]
 [0.124523   0.71781738 0.15765963]
 [0.15987959 0.28548679 0.55463361]
 [0.16869062 0.34685283 0.48445655]
 [0.14541411 0.56918645 0.28539944]
 [0.1240735  0.61068401 0.2652425 ]
 [0.48804346 0.40494641 0.10701013]
 [0.1605524  0.65103785 0.18840975]
 [0.27158893 0.51533509 0.21307598]
 [0.1494684  0.61327474 0.23725687]
 [0.18627162 0.50578474 0.30794364]
 [0.17745726 0.56500277 0.25753997]
 [0.33521038 0.42883704 0.23595258]
 [0.60274551 0.25997136 0.13728313]
 [0.14989736 0.59248468 0.25761796]
 [0.14283503 0.65335044 0.20381453]
 [0.12869959 0.54328216 0.32801825]
 [0.25592833 0.57003204 0.17403963]
 [0.10869359 0.66238702 0.22891939]
 [0.13277102 0.5957636  0.27146538]
 [0.232464   0.5431788  0.2243572 ]
 [0.15816245 0.54745713 0.29438042]
 [0.12525802 0.67120354 0.20353844]
 [0.16220875 0.54401117 0.29378008]
 [0.43811138 0.33208092 0.2298077 ]
 [0.15201152 0.63194533 0.21604315]
 [0.12556134 0.59513734 0.27930132]
 [0.12016795 0.65357567 0.22625638]
 [0.22699672 0.55041418 0.2225891 ]
 [0.13027161 0.62768692 0.24204147]
 [0.2916592  0.39417985 0.31416094]
 [0.19390292 0.60408041 0.20201668]
 [0.16899045 0.53411788 0.29689167]
 [0.27642116 0.61702857 0.10655027]
 [0.1799613  0.40630746 0.41373125]
 [0.33232207 0.47169693 0.195981  ]
 [0.36891242 0.48382311 0.14726447]
 [0.43834122 0.47383152 0.08782726]
 [0.17211801 0.60289238 0.22498961]
 [0.16469024 0.63154151 0.20376825]
 [0.34055957 0.18449221 0.47494821]
 [0.14564585 0.57942081 0.27493334]
 [0.4785077  0.35458167 0.16691063]
 [0.25352307 0.59216339 0.15431355]
 [0.10591783 0.6584342  0.23564798]
 [0.15884986 0.55747276 0.28367738]
 [0.12395499 0.66903466 0.20701035]
 [0.39236209 0.52384944 0.08378847]
 [0.12247378 0.64966496 0.22786126]
 [0.1339081  0.62104252 0.24504938]
 [0.12728877 0.56935275 0.30335848]
 [0.37735917 0.53058887 0.09205197]
 [0.55563809 0.31978518 0.12457673]
 [0.08934435 0.68867804 0.22197761]
 [0.379672   0.41503288 0.20529511]
 [0.37171866 0.47478471 0.15349663]
 [0.51310313 0.32589106 0.16100581]
 [0.20313691 0.60440736 0.19245573]
 [0.11481737 0.69402752 0.1911551 ]
 [0.1344975  0.60814169 0.25736081]
 [0.16739918 0.58796955 0.24463127]
 [0.43005716 0.3910076  0.17893524]
 [0.42788442 0.45621092 0.11590466]
 [0.11680535 0.63515586 0.24803879]
 [0.12519584 0.57199911 0.30280505]
 [0.13264314 0.74720819 0.12014867]
 [0.42836851 0.43979825 0.13183324]
 [0.19498568 0.70549931 0.099515  ]
 [0.13419625 0.71765325 0.1481505 ]
 [0.26346734 0.60193097 0.13460169]
 [0.45802152 0.44573495 0.09624354]
 [0.1770538  0.55963807 0.26330813]
 [0.21643583 0.57589865 0.20766553]
 [0.11672396 0.65773103 0.22554501]
 [0.17736493 0.4757576  0.34687747]
 [0.67685074 0.2219969  0.10115236]
 [0.16000727 0.60671775 0.23327498]
 [0.16288113 0.57263332 0.26448555]
 [0.12220059 0.59282992 0.28496948]
 [0.51717727 0.34169196 0.14113077]
 [0.1500372  0.64905854 0.20090426]
 [0.14668236 0.61611359 0.23720405]
 [0.11900841 0.65121695 0.22977464]
 [0.20700339 0.61399504 0.17900158]
 [0.12843933 0.60550336 0.26605731]
 [0.18610889 0.59651659 0.21737451]
 [0.17990097 0.59776725 0.22233178]
 [0.1209618  0.64533586 0.23370234]
 [0.16487901 0.72951451 0.10560648]
 [0.1959534  0.6658058  0.1382408 ]
 [0.3740724  0.49542225 0.13050536]
 [0.17304904 0.36767376 0.4592772 ]
 [0.72696733 0.19006311 0.08296956]
 [0.28649083 0.53204914 0.18146004]
 [0.25317679 0.47428777 0.27253544]
 [0.14046292 0.55242288 0.3071142 ]
 [0.12831285 0.59146691 0.28022025]
 [0.15547106 0.62936882 0.21516012]
 [0.09427547 0.5841498  0.32157473]
 [0.19419953 0.4675986  0.33820186]
 [0.22989468 0.49799471 0.27211061]
 [0.2316344  0.50558683 0.26277877]
 [0.07891685 0.62418059 0.29690255]
 [0.18251003 0.52871273 0.28877724]
 [0.17251841 0.5559641  0.2715175 ]
 [0.12518624 0.64717795 0.22763581]
 [0.154407   0.55411196 0.29148104]
 [0.51847802 0.29962304 0.18189894]
 [0.16789621 0.57449547 0.25760832]
 [0.22476881 0.53360229 0.24162891]
 [0.16462768 0.61775623 0.21761609]
 [0.15053588 0.41026384 0.43920028]
 [0.4793296  0.29366378 0.22700662]
 [0.3426862  0.48543091 0.1718829 ]
 [0.13001019 0.56809315 0.30189666]
 [0.19022894 0.56061266 0.24915841]
 [0.43234208 0.48299743 0.08466049]
 [0.21845137 0.54768811 0.23386052]
 [0.21936705 0.48105434 0.29957861]
 [0.39293247 0.47491938 0.13214814]
 [0.14125693 0.55023854 0.30850452]
 [0.11891496 0.65825953 0.2228255 ]]","['CARES ESSER I 20', 'ARP ESSER III 21', '% Reduced-price Lunch Diff', 'CRRSA ESSER II 21', '% Prek Diff', '% On Campus 09/28/20', 'Unemployed Level Diff', 'ESSER-SUPP 23', '% Tested Reading G7 Diff', '% Tested Reading G4 Diff', '% On Campus 10/30/20', '% On Campus 01/29/21', 'Total Students Diff', 'Total Schools Diff', 'Median Age Female 10', 'Employed Diff', 'Avg Household Size 10', '% White Diff', '% Age 20-24 Pop 10', 'Staff:Students Diff', 'Median Age Male 10', 'Median Age 10', 'Locale_43-Rural: Remote', 'Locale_32-Town: Distant', 'Locale_31-Town: Fringe', 'Locale_13-City: Small', 'ESSER-SUPP 22', 'County Population', 'Avg Family Size 10', '% Black Pop 10', '% Asian Pop 10', '% Age 85-Up Pop 10', '# of Households 10', '# of Families 10', 'Locale_42-Rural: Distant', 'Locale_41-Rural: Fringe', 'Locale_33-Town: Remote', 'Locale_23-Suburb: Small', 'Locale_22-Suburb: Mid-size', 'Locale_21-Suburb: Large', 'Locale_12-City: Mid-size', 'Locale_11-City: Large', '% Title 1 Eligible Diff', '% Operational Schools Diff', '# of Housing Units 10']","SVC(C=10, probability=True, random_state=123)",0.359375,"              precision    recall  f1-score   support

          -1       0.62      0.56      0.59        43
           0       0.61      0.79      0.69       102
           1       0.35      0.15      0.21        46

    accuracy                           0.59       191
   macro avg       0.53      0.50      0.50       191
weighted avg       0.55      0.59      0.55       191
"
4,Ridge,Feature Importance - Random Forest,45,"{'C': 0.01, 'solver': 'newton-cg'}",0.575991114,0.598167539,0.591623037,0.554182926,0.591623037,0.524172809,0.270378752,0.665913504,"[[24 18  1]
 [13 87  2]
 [ 0 44  2]]","[-1  0 -1  0  0 -1  0  0 -1  0  0  0  0 -1  0  0  0  0  0  0  1  0  0  0
  0 -1  0 -1  0  0 -1  0  0 -1  0  0 -1  0  0 -1  0  0  0  0  0  0  0  0
  0  0  0  0 -1  0  1  0  0  0 -1  0  0  0  0 -1  0  0  0  0  0 -1  0  0
  0  0  0 -1  0  0  0  0  0  0 -1  0  0  0  0  0  0  0  0  0  0 -1  0  0
  0  0  0  1  1  0  0  0 -1  0  0  0  0  0  0  0 -1  0  0  0 -1  0  0  0
  0 -1  0 -1 -1 -1 -1  0  0  0 -1 -1  0  0  0  0  0  0 -1  0  0  0  0 -1
 -1  0  0  0 -1  0  0  0  0  0  0  0  0  0  0 -1  0 -1  0  0  0  0  0  0
  0  0  0  0  0  0  0  0 -1  0  0  0  0  0 -1  1  0 -1  0  0  0  0  0]","[[0.51889382 0.43411317 0.04699301]
 [0.15323609 0.54536164 0.30140227]
 [0.4479048  0.43245549 0.11963971]
 [0.15387346 0.50804651 0.33808002]
 [0.11610957 0.56472828 0.31916215]
 [0.54744027 0.40614781 0.04641193]
 [0.13934192 0.56713623 0.29352185]
 [0.29153579 0.39013487 0.31832934]
 [0.48178723 0.43399321 0.08421957]
 [0.10548046 0.60371415 0.29080539]
 [0.1016645  0.55357683 0.34475868]
 [0.11950178 0.599601   0.28089722]
 [0.08225696 0.62276272 0.29498032]
 [0.51755131 0.41078527 0.07166342]
 [0.26898149 0.554979   0.17603951]
 [0.36182071 0.4882622  0.14991709]
 [0.12918477 0.51362884 0.35718639]
 [0.14869185 0.56818127 0.28312688]
 [0.16755265 0.55757383 0.27487352]
 [0.09309121 0.60211905 0.30478973]
 [0.11592734 0.41834384 0.46572881]
 [0.29555835 0.50378096 0.20066068]
 [0.39379088 0.47500659 0.13120253]
 [0.14394989 0.59661997 0.25943014]
 [0.14350195 0.60341725 0.2530808 ]
 [0.53124416 0.42150973 0.04724612]
 [0.11289756 0.62222921 0.26487324]
 [0.571905   0.38228289 0.04581211]
 [0.11943307 0.61927761 0.26128932]
 [0.1423675  0.55938904 0.29824346]
 [0.52365575 0.42337118 0.05297307]
 [0.24429001 0.54772443 0.20798556]
 [0.223336   0.60539228 0.17127173]
 [0.47053141 0.45279332 0.07667526]
 [0.08374082 0.59782577 0.31843341]
 [0.11457372 0.61530774 0.27011854]
 [0.53956444 0.41280358 0.04763198]
 [0.11646083 0.55321643 0.33032274]
 [0.10081316 0.63894351 0.26024333]
 [0.47000142 0.4657981  0.06420047]
 [0.13683423 0.62116367 0.2420021 ]
 [0.1305655  0.60052472 0.26890979]
 [0.13953088 0.61573254 0.24473658]
 [0.16240532 0.55792502 0.27966966]
 [0.35448217 0.58865812 0.05685971]
 [0.11854197 0.55329552 0.32816251]
 [0.18539626 0.4639825  0.35062124]
 [0.04249361 0.48676867 0.47073772]
 [0.0705181  0.51023743 0.41924447]
 [0.40937748 0.48183826 0.10878427]
 [0.18519387 0.56567437 0.24913176]
 [0.19501277 0.59425699 0.21073025]
 [0.75871539 0.22401866 0.01726595]
 [0.13219684 0.56369991 0.30410325]
 [0.2476177  0.17121816 0.58116414]
 [0.11933728 0.61389562 0.2667671 ]
 [0.10809297 0.58212495 0.30978208]
 [0.09548999 0.62171278 0.28279724]
 [0.54130604 0.38214131 0.07655266]
 [0.19276831 0.55529855 0.25193314]
 [0.2986476  0.5781672  0.1231852 ]
 [0.11808247 0.61168999 0.27022753]
 [0.08700239 0.60763013 0.30536748]
 [0.46320784 0.39833051 0.13846165]
 [0.1382005  0.61465641 0.24714309]
 [0.11266794 0.58061944 0.30671262]
 [0.18423281 0.59691597 0.21885121]
 [0.19009266 0.68791537 0.12199197]
 [0.36040134 0.48872363 0.15087503]
 [0.49966377 0.33410935 0.16622688]
 [0.13364922 0.59872081 0.26762997]
 [0.11818627 0.60127631 0.28053742]
 [0.12750209 0.57948811 0.2930098 ]
 [0.11420931 0.60723061 0.27856008]
 [0.08585194 0.69616737 0.21798069]
 [0.52481621 0.41814052 0.05704327]
 [0.12920303 0.67883898 0.19195799]
 [0.21936325 0.60551281 0.17512394]
 [0.16342555 0.51943247 0.31714198]
 [0.13020182 0.60613303 0.26366515]
 [0.24622169 0.40921507 0.34456324]
 [0.16369707 0.50257915 0.33372378]
 [0.57355038 0.38075603 0.04569359]
 [0.27611527 0.45595928 0.26792545]
 [0.29261566 0.55192731 0.15545703]
 [0.15676253 0.44714443 0.39609304]
 [0.43918546 0.48513228 0.07568226]
 [0.11105428 0.59593048 0.29301524]
 [0.13642498 0.50377389 0.35980114]
 [0.34940795 0.53724781 0.11334423]
 [0.20338574 0.55512868 0.24148558]
 [0.3093163  0.55772112 0.13296258]
 [0.06898424 0.5678401  0.36317567]
 [0.63125673 0.36397307 0.00477019]
 [0.365555   0.41331739 0.22112762]
 [0.16460678 0.56467032 0.2707229 ]
 [0.12814544 0.69846791 0.17338665]
 [0.23512055 0.46178496 0.30309449]
 [0.10926626 0.58844957 0.30228417]
 [0.18020187 0.37974896 0.44004917]
 [0.22741972 0.35287746 0.41970282]
 [0.1310986  0.56354708 0.30535432]
 [0.38354117 0.57187626 0.04458257]
 [0.12439802 0.53323524 0.34236674]
 [0.57644788 0.30227423 0.12127789]
 [0.21678672 0.58573502 0.19747826]
 [0.32941845 0.58388463 0.08669692]
 [0.17706036 0.61323828 0.20970136]
 [0.12566946 0.59592855 0.27840199]
 [0.12859384 0.62431914 0.24708702]
 [0.13932822 0.5968666  0.26380519]
 [0.43663366 0.50428834 0.059078  ]
 [0.47056589 0.37220254 0.15723157]
 [0.14687899 0.63106431 0.2220567 ]
 [0.08154282 0.608919   0.30953818]
 [0.11352097 0.54867041 0.33780863]
 [0.5156807  0.36628281 0.11803648]
 [0.1617172  0.55187347 0.28640933]
 [0.14036929 0.55823817 0.30139254]
 [0.15291028 0.48865749 0.35843223]
 [0.39136932 0.50148915 0.10714153]
 [0.49297394 0.4784526  0.02857346]
 [0.22855286 0.40781345 0.36363369]
 [0.46017682 0.40658746 0.13323572]
 [0.58958366 0.32675345 0.08366289]
 [0.71389657 0.22611015 0.05999328]
 [0.55397242 0.36757945 0.07844813]
 [0.24494162 0.54759813 0.20746026]
 [0.16661519 0.59200939 0.24137542]
 [0.15491341 0.58909655 0.25599005]
 [0.54443258 0.40432215 0.05124527]
 [0.57737888 0.38879382 0.0338273 ]
 [0.23696071 0.57322678 0.18981252]
 [0.15742624 0.51176332 0.33081045]
 [0.2783817  0.5727291  0.1488892 ]
 [0.31489553 0.63793502 0.04716945]
 [0.38251889 0.57519485 0.04228626]
 [0.16537915 0.6366813  0.19793955]
 [0.48226517 0.44975714 0.06797769]
 [0.28804495 0.62010367 0.09185137]
 [0.1682077  0.60188712 0.22990517]
 [0.30898461 0.49890297 0.19211242]
 [0.17302294 0.61741586 0.2095612 ]
 [0.53145783 0.38501731 0.08352487]
 [0.72868302 0.24551684 0.02580014]
 [0.13561214 0.62899241 0.23539545]
 [0.16372866 0.59368923 0.24258211]
 [0.17172951 0.61249175 0.21577874]
 [0.50377762 0.45910313 0.03711925]
 [0.24340258 0.57021244 0.18638498]
 [0.16944427 0.55464573 0.27591001]
 [0.11927674 0.52571087 0.35501239]
 [0.11866303 0.62243643 0.25890054]
 [0.09907622 0.56441832 0.33650547]
 [0.15193715 0.63008935 0.2179735 ]
 [0.11150281 0.62334497 0.26515222]
 [0.20265591 0.58717992 0.21016417]
 [0.22334788 0.54561826 0.23103386]
 [0.17393618 0.63540504 0.19065877]
 [0.51454529 0.39962715 0.08582756]
 [0.16770674 0.57965885 0.25263441]
 [0.5252056  0.41975552 0.05503887]
 [0.36820438 0.53433284 0.09746278]
 [0.23895419 0.51291009 0.24813572]
 [0.11772913 0.64825762 0.23401325]
 [0.10506454 0.62291095 0.27202451]
 [0.10442559 0.6108388  0.28473561]
 [0.24186666 0.58641046 0.17172288]
 [0.31217944 0.41989773 0.26792283]
 [0.27985558 0.55348586 0.16665856]
 [0.23147807 0.51536988 0.25315205]
 [0.22268306 0.5022803  0.27503664]
 [0.04878343 0.67709089 0.27412568]
 [0.20082631 0.58159972 0.21757397]
 [0.14889418 0.57808074 0.27302508]
 [0.10319388 0.54349642 0.35330969]
 [0.59176504 0.37113359 0.03710137]
 [0.1775333  0.47050692 0.35195978]
 [0.20511975 0.62383673 0.17104353]
 [0.11087382 0.62806251 0.26106366]
 [0.11282015 0.59228484 0.29489501]
 [0.33374068 0.60346581 0.06279351]
 [0.4914872  0.42121319 0.08729961]
 [0.16556951 0.41354463 0.42088586]
 [0.40470701 0.47965033 0.11564267]
 [0.55385213 0.37919704 0.06695083]
 [0.07275036 0.58593444 0.3413152 ]
 [0.13572326 0.59372794 0.2705488 ]
 [0.31259608 0.49752901 0.18987491]
 [0.14431544 0.56506626 0.2906183 ]
 [0.14173266 0.56703803 0.29122931]]","['CARES ESSER I 20', 'ARP ESSER III 21', '% Reduced-price Lunch Diff', 'CRRSA ESSER II 21', '% Prek Diff', '% On Campus 09/28/20', '% Black Diff', 'Unemployed Level Diff', '% Tested Reading G7 Diff', '% Tested Reading G6 Diff', '% Tested Reading G4 Diff', '% On Campus 10/30/20', '% On Campus 01/29/21', 'Total Students Diff', 'Labor Force Diff', 'Employed Diff', 'Avg Household Size 10', '% White Diff', '% Kinder Diff', '% Grades 9-12 Diff', '% Grades 1-8 Diff', '% Free Lunch Diff', '% Asian Diff', '% Age 20-24 Pop 10', 'Unemployed Rate Diff', 'Teachers:Students Diff', 'Staff:Students Diff', 'Median Age Male 10', 'Median Age 10', 'Avg Family Size 10', '% White Pop 10', '% Tested Reading G8 Diff', '% Tested Reading G5 Diff', '% Tested Reading G3 Diff', '% Male Pop 10', '% Hispanic Diff', '% HH Married-noChild 10', '% HH Male-Child 10', '% Female Pop 10', '% County Infected 09/28/20', '% Age 85-Up Pop 10', '% Age 35-44 Pop 10', '% ADA Diff', '% County Infected 10/30/20', '% Hispanic Pop 10']","LogisticRegression(C=0.01, max_iter=10000, multi_class='ovr', n_jobs=-1,
                   random_state=123, solver='newton-cg')",0.453125,"              precision    recall  f1-score   support

          -1       0.65      0.56      0.60        43
           0       0.58      0.85      0.69       102
           1       0.40      0.04      0.08        46

    accuracy                           0.59       191
   macro avg       0.54      0.48      0.46       191
weighted avg       0.55      0.59      0.52       191
"
8,Ridge,Permutation Importance - Ridge,82,"{'C': 0.01, 'solver': 'newton-cg'}",0.568147642,0.608638743,0.591623037,0.55550184,0.591623037,0.523158844,0.268175983,0.661827048,"[[23 19  1]
 [12 88  2]
 [ 0 44  2]]","[-1  0  0  0  0 -1  0 -1  0  0  0  0  0 -1  0  0  0  0  0  0  1  0 -1  0
  0  0  0 -1  0  0 -1  0  0 -1  0  0 -1  0  0 -1  0  0  0  0  0  0  0  0
  0 -1  0  0 -1  0  1  0  0  0 -1  0  0  0  0 -1  0  0  0  0  0 -1  0  0
  0  0  0  0  0  0  0  0  0  0 -1  0  0  0  0  0  0  0  0  0  0 -1  0  0
  0  0  0  1  1  0  0  0 -1  0  0  0  0  0  0  0 -1  0  0  0 -1  0  0  0
  0 -1  0 -1 -1 -1 -1  0  0  0 -1 -1  0  0  0  0  0  0 -1  0  0  0  0 -1
 -1  0  0  0 -1  0  0  0  0  0  0  0  0  0  0 -1  0 -1  0  0  0  0  0  0
  0  0  0  0  0  0  0  0 -1  0  0  0  0  0  0  1  0 -1  0  0  0  0  0]","[[0.58343022 0.38614175 0.03042802]
 [0.15923567 0.54850129 0.29226305]
 [0.41086356 0.49975476 0.08938167]
 [0.12910906 0.4974003  0.37349064]
 [0.13651596 0.49777532 0.36570872]
 [0.49051812 0.47404945 0.03543243]
 [0.10005813 0.62801836 0.27192352]
 [0.36238575 0.2757985  0.36181575]
 [0.40287614 0.50982228 0.08730157]
 [0.1065983  0.5416001  0.3518016 ]
 [0.11336292 0.54019394 0.34644314]
 [0.10148506 0.62150202 0.27701293]
 [0.0818723  0.64636062 0.27176707]
 [0.62659901 0.31172387 0.06167712]
 [0.27133825 0.54465229 0.18400946]
 [0.35591874 0.52446446 0.1196168 ]
 [0.12324979 0.52694418 0.34980603]
 [0.15063071 0.58431885 0.26505044]
 [0.08315831 0.7044324  0.21240929]
 [0.1191924  0.60407446 0.27673314]
 [0.11941882 0.3844579  0.49612329]
 [0.31156115 0.50626125 0.1821776 ]
 [0.4751332  0.43588125 0.08898555]
 [0.13039679 0.61428432 0.25531888]
 [0.09251784 0.65119559 0.25628657]
 [0.46214872 0.50084687 0.03700441]
 [0.12037637 0.55314897 0.32647466]
 [0.61902163 0.33271763 0.04826075]
 [0.16116549 0.58011457 0.25871994]
 [0.15901295 0.55571402 0.28527302]
 [0.59430416 0.37197324 0.0337226 ]
 [0.15000115 0.69549207 0.15450678]
 [0.28912042 0.5479596  0.16291998]
 [0.56910801 0.36281976 0.06807223]
 [0.07660397 0.55135363 0.37204241]
 [0.09957073 0.66878443 0.23164484]
 [0.49175901 0.46868627 0.03955472]
 [0.1240379  0.55830351 0.31765859]
 [0.10862134 0.66155434 0.22982432]
 [0.56341686 0.3878221  0.04876104]
 [0.1389978  0.59200793 0.26899427]
 [0.12376565 0.58258365 0.2936507 ]
 [0.14309039 0.60918854 0.24772107]
 [0.14076201 0.62235644 0.23688155]
 [0.43901338 0.50358593 0.05740069]
 [0.18047453 0.49616607 0.3233594 ]
 [0.16473222 0.51762905 0.31763873]
 [0.05190418 0.48444305 0.46365277]
 [0.08155674 0.52529441 0.39314885]
 [0.5088104  0.4222595  0.06893009]
 [0.20532131 0.52055522 0.27412347]
 [0.18134754 0.63063052 0.18802194]
 [0.76004377 0.21447671 0.02547952]
 [0.16916055 0.54489673 0.28594272]
 [0.19602389 0.17424085 0.62973526]
 [0.08565254 0.61344327 0.30090418]
 [0.13445821 0.55437932 0.31116247]
 [0.10528041 0.61946939 0.2752502 ]
 [0.49513853 0.4166784  0.08818306]
 [0.19394198 0.54076927 0.26528875]
 [0.30895541 0.5703331  0.12071149]
 [0.13131119 0.59807873 0.27061007]
 [0.09411148 0.60064407 0.30524445]
 [0.45234279 0.36386484 0.18379237]
 [0.08822798 0.72110924 0.19066278]
 [0.08359672 0.61133894 0.30506434]
 [0.1569954  0.61345403 0.22955057]
 [0.25172219 0.63355112 0.11472669]
 [0.17077921 0.63707114 0.19214965]
 [0.44403521 0.37405828 0.18190651]
 [0.10124157 0.64594986 0.25280857]
 [0.14082628 0.51351643 0.34565729]
 [0.16777008 0.53669143 0.2955385 ]
