Model,n Selected,Method,best_params,Best Accuracy,Train Accuracy,Test Accuracy,Precision,Recall,MCC,F1,conf_mat,Prediction,predict_proba,Features,estimator,classification_report,Train Time CPU,Train Time Wall,n_iter
CatBoost,82,Permutation Importance - Ridge,"{'random_strength': 5, 'min_data_in_leaf': 5, 'learning_rate': 0.2, 'l2_leaf_reg': 10, 'iterations': 100, 'depth': 6}",0.5824561403508772,0.6557591623036649,0.6230366492146597,0.6163827775504156,0.6230366492146597,0.33782646857872173,0.547543250718126,"[[22 20  1]
 [ 6 95  1]
 [ 0 44  2]]","[[0]
 [1]
 [1]
 [1]
 [1]
 [0]
 [1]
 [1]
 [1]
 [1]
 [1]
 [1]
 [1]
 [0]
 [1]
 [1]
 [1]
 [1]
 [1]
 [1]
 [2]
 [1]
 [1]
 [1]
 [1]
 [0]
 [1]
 [0]
 [1]
 [1]
 [0]
 [1]
 [1]
 [1]
 [1]
 [1]
 [0]
 [1]
 [1]
 [0]
 [1]
 [1]
 [1]
 [1]
 [1]
 [1]
 [1]
 [1]
 [1]
 [0]
 [1]
 [1]
 [0]
 [1]
 [1]
 [1]
 [1]
 [1]
 [0]
 [1]
 [1]
 [1]
 [1]
 [1]
 [1]
 [1]
 [1]
 [1]
 [1]
 [0]
 [1]
 [1]
 [1]
 [1]
 [1]
 [0]
 [1]
 [1]
 [1]
 [1]
 [1]
 [1]
 [0]
 [1]
 [1]
 [1]
 [1]
 [1]
 [1]
 [1]
 [1]
 [1]
 [1]
 [1]
 [1]
 [1]
 [1]
 [1]
 [1]
 [2]
 [1]
 [1]
 [1]
 [1]
 [0]
 [1]
 [1]
 [1]
 [2]
 [1]
 [1]
 [0]
 [1]
 [1]
 [1]
 [1]
 [1]
 [1]
 [1]
 [1]
 [1]
 [0]
 [1]
 [1]
 [0]
 [0]
 [1]
 [1]
 [1]
 [1]
 [0]
 [0]
 [1]
 [1]
 [1]
 [1]
 [1]
 [1]
 [1]
 [1]
 [1]
 [1]
 [1]
 [0]
 [0]
 [1]
 [1]
 [1]
 [1]
 [1]
 [1]
 [1]
 [1]
 [1]
 [1]
 [1]
 [1]
 [1]
 [1]
 [0]
 [1]
 [0]
 [1]
 [1]
 [1]
 [1]
 [1]
 [1]
 [1]
 [1]
 [1]
 [1]
 [1]
 [1]
 [1]
 [1]
 [0]
 [1]
 [1]
 [1]
 [1]
 [0]
 [1]
 [2]
 [1]
 [0]
 [1]
 [1]
 [1]
 [1]
 [1]]","[[0.51390909 0.36085474 0.12523616]
 [0.14755909 0.65668389 0.19575702]
 [0.43999153 0.45368204 0.10632644]
 [0.16538023 0.55800488 0.2766149 ]
 [0.18280785 0.47110772 0.34608443]
 [0.51181648 0.38197431 0.10620922]
 [0.11564902 0.51294012 0.37141085]
 [0.25739729 0.42971097 0.31289174]
 [0.46205325 0.4660315  0.07191526]
 [0.10917939 0.44614468 0.44467593]
 [0.12610989 0.46711853 0.40677158]
 [0.1174493  0.60215845 0.28039225]
 [0.17660917 0.43168075 0.39171008]
 [0.4644196  0.38334827 0.15223214]
 [0.13315572 0.67957831 0.18726597]
 [0.34523037 0.48110279 0.17366684]
 [0.10035057 0.56790294 0.33174649]
 [0.12912536 0.71338648 0.15748816]
 [0.2472473  0.62691452 0.12583818]
 [0.12109272 0.66347978 0.21542751]
 [0.18543035 0.30814017 0.50642947]
 [0.37572767 0.44677938 0.17749296]
 [0.37181117 0.50440639 0.12378244]
 [0.14209376 0.63902297 0.21888327]
 [0.1003497  0.68131801 0.21833228]
 [0.51424192 0.38286373 0.10289435]
 [0.10067044 0.74426117 0.15506839]
 [0.46918278 0.45421995 0.07659727]
 [0.13154931 0.43707001 0.43138068]
 [0.15698355 0.55455019 0.28846626]
 [0.56645304 0.34148502 0.09206194]
 [0.18676517 0.68991571 0.12331913]
 [0.33416196 0.52072184 0.1451162 ]
 [0.42206194 0.43466648 0.14327158]
 [0.09159522 0.48908317 0.41932161]
 [0.12205125 0.68091771 0.19703103]
 [0.49487665 0.38031333 0.12481002]
 [0.15995648 0.58436993 0.25567359]
 [0.12062736 0.53980376 0.33956888]
 [0.52322937 0.38906939 0.08770125]
 [0.15476381 0.49566277 0.34957341]
 [0.11614571 0.574077   0.30977729]
 [0.0825105  0.73076212 0.18672737]
 [0.14313753 0.59712382 0.25973865]
 [0.34003066 0.57639775 0.08357159]
 [0.20887404 0.49794358 0.29318237]
 [0.16042426 0.54678623 0.29278951]
 [0.13779099 0.47001919 0.39218981]
 [0.20307201 0.54647794 0.25045005]
 [0.44768909 0.387353   0.16495791]
 [0.14994332 0.5518266  0.29823008]
 [0.13260641 0.73622758 0.131166  ]
 [0.65250024 0.25747909 0.09002066]
 [0.18299155 0.52356642 0.29344202]
 [0.11189509 0.51860001 0.3695049 ]
 [0.16741661 0.53937483 0.29320856]
 [0.17858456 0.42916374 0.3922517 ]
 [0.15625457 0.54876842 0.294977  ]
 [0.44716595 0.42991328 0.12292076]
 [0.17613875 0.53800339 0.28585786]
 [0.24534059 0.49847106 0.25618835]
 [0.27540471 0.4970683  0.227527  ]
 [0.11439032 0.60475842 0.28085127]
 [0.29159132 0.47945858 0.2289501 ]
 [0.12112027 0.63482353 0.2440562 ]
 [0.11805465 0.63749887 0.24444647]
 [0.15008654 0.69211482 0.15779863]
 [0.24518502 0.60711521 0.14769977]
 [0.43446502 0.47224664 0.09328834]
 [0.43720584 0.34930263 0.21349153]
 [0.11602834 0.70956195 0.17440971]
 [0.1263763  0.55177991 0.32184378]
 [0.20885939 0.47511145 0.31602916]
 [0.12499437 0.71114434 0.16386129]
 [0.1583554  0.61174614 0.22989845]
 [0.52709618 0.39838856 0.07451525]
 [0.18365092 0.46205431 0.35429478]
 [0.15225424 0.72481668 0.12292908]
 [0.12397087 0.55981852 0.31621061]
 [0.17176238 0.57686595 0.25137167]
 [0.28579731 0.49753408 0.21666861]
 [0.16242945 0.44763267 0.38993788]
 [0.60980055 0.26896301 0.12123644]
 [0.31487702 0.48714808 0.1979749 ]
 [0.44037377 0.44624022 0.11338601]
 [0.14263199 0.50190877 0.35545924]
 [0.35878791 0.5548915  0.08632059]
 [0.14238866 0.5033751  0.35423624]
 [0.12190435 0.47664736 0.40144829]
 [0.3000606  0.59169081 0.10824859]
 [0.23149444 0.62683555 0.14167002]
 [0.30808385 0.56263094 0.12928521]
 [0.10618629 0.59161235 0.30220136]
 [0.41361605 0.50511711 0.08126685]
 [0.2567798  0.57192571 0.17129449]
 [0.11444015 0.70128637 0.18427349]
 [0.11684829 0.68266959 0.20048212]
 [0.19672812 0.46721128 0.3360606 ]
 [0.14957043 0.55497459 0.29545498]
 [0.15990027 0.41375058 0.42634915]
 [0.25342287 0.478572   0.26800513]
 [0.15925797 0.56540099 0.27534104]
 [0.30280783 0.61001136 0.08718081]
 [0.22984807 0.42566599 0.34448593]
 [0.52730064 0.33900653 0.13369283]
 [0.36727715 0.43265369 0.20006916]
 [0.33493849 0.57511513 0.08994639]
 [0.15333063 0.70885862 0.13781074]
 [0.18796939 0.37819011 0.4338405 ]
 [0.18097565 0.4683689  0.35065545]
 [0.14679254 0.52228851 0.33091895]
 [0.61828268 0.31126666 0.07045066]
 [0.37973995 0.45706081 0.16319925]
 [0.21105404 0.53065601 0.25828995]
 [0.12822852 0.46001963 0.41175185]
 [0.17943168 0.56506453 0.25550379]
 [0.36662705 0.44709721 0.18627573]
 [0.17336311 0.55340995 0.27322694]
 [0.16413044 0.60305539 0.23281417]
 [0.15197926 0.4499977  0.39802303]
 [0.41083413 0.45960691 0.12955896]
 [0.49805436 0.43970209 0.06224355]
 [0.14335955 0.50344443 0.35319603]
 [0.31076964 0.43184237 0.25738798]
 [0.59197824 0.32169601 0.08632575]
 [0.5042919  0.32077282 0.17493529]
 [0.41279146 0.46458846 0.12262008]
 [0.17943457 0.62349007 0.19707536]
 [0.13218578 0.7229544  0.14485982]
 [0.16807755 0.53180552 0.30011693]
 [0.61549942 0.32024647 0.06425411]
 [0.62502196 0.32193806 0.05303998]
 [0.22276714 0.52785001 0.24938284]
 [0.19634714 0.54296514 0.26068772]
 [0.18519056 0.65131208 0.16349736]
 [0.27687703 0.53812536 0.18499761]
 [0.3651071  0.57421204 0.06068086]
 [0.09393394 0.78890444 0.11716162]
 [0.40019762 0.51469091 0.08511147]
 [0.32422216 0.52098682 0.15479102]
 [0.11735777 0.72800552 0.15463671]
 [0.40274213 0.46846137 0.1287965 ]
 [0.15267487 0.64608029 0.20124484]
 [0.62539202 0.31228365 0.06232434]
 [0.74063574 0.2063872  0.05297706]
 [0.15826961 0.56226196 0.27946844]
 [0.1835988  0.57924495 0.23715625]
 [0.18172994 0.6513258  0.16694427]
 [0.44406821 0.46965429 0.0862775 ]
 [0.2778373  0.3792426  0.3429201 ]
 [0.16343391 0.59287022 0.24369587]
 [0.12115428 0.56574903 0.31309669]
 [0.16438118 0.50551925 0.33009957]
 [0.09307504 0.58950919 0.31741576]
 [0.09938337 0.71135834 0.18925829]
 [0.10888267 0.67306157 0.21805576]
 [0.12638823 0.74969646 0.12391531]
 [0.17279518 0.66711368 0.16009114]
 [0.12932917 0.72455141 0.14611943]
 [0.54166576 0.37794562 0.08038862]
 [0.14565079 0.59299353 0.26135569]
 [0.46734619 0.38615314 0.14650067]
 [0.32263392 0.58149269 0.09587338]
 [0.14843008 0.49981243 0.35175749]
 [0.13171981 0.65347876 0.21480143]
 [0.14034365 0.54149616 0.31816019]
 [0.10326437 0.66211297 0.23462266]
 [0.29461592 0.56982488 0.1355592 ]
 [0.25907636 0.46166096 0.27926268]
 [0.36286627 0.43559888 0.20153485]
 [0.23417016 0.40181914 0.36401071]
 [0.28033836 0.45592182 0.26373982]
 [0.14064012 0.63397679 0.22538308]
 [0.2574223  0.56121914 0.18135856]
 [0.12492876 0.55408063 0.32099061]
 [0.18481513 0.52694742 0.28823745]
 [0.55254205 0.38138729 0.06607067]
 [0.13627073 0.51531365 0.34841562]
 [0.26626058 0.56690747 0.16683195]
 [0.18637928 0.54221086 0.27140987]
 [0.19620922 0.49791443 0.30587635]
 [0.52750892 0.36972153 0.10276954]
 [0.27507693 0.63311052 0.09181255]
 [0.19876561 0.38575385 0.41548054]
 [0.34796253 0.57165288 0.08038459]
 [0.58830841 0.32253852 0.08915307]
 [0.1257516  0.55096934 0.32327906]
 [0.16144579 0.4832058  0.35534841]
 [0.21637261 0.48263453 0.30099286]
 [0.13244206 0.52813225 0.33942569]
 [0.11811072 0.66625026 0.21563902]]","['CARES ESSER I 20', 'ARP ESSER III 21', '% Reduced-price Lunch Diff', '% Prek Diff', '% On Campus 09/28/20', '% Black Diff', 'Unemployed Level Diff', 'ESSER-SUPP 23', '% Tested Reading G7 Diff', '% Tested Reading G6 Diff', '% Tested Reading G4 Diff', '% On Campus 10/30/20', '% On Campus 01/29/21', 'Total Students Diff', 'Total Schools Diff', 'Median Age Female 10', 'Labor Force Diff', 'Employed Diff', 'Avg Household Size 10', '% White Diff', '% Kinder Diff', '% Grades 9-12 Diff', '% Grades 1-8 Diff', '% Free Lunch Diff', '% Asian Diff', '% Age 20-24 Pop 10', 'Unemployed Rate Diff', 'Teachers:Students Diff', 'Staff:Students Diff', 'Median Age Male 10', 'Median Age 10', 'Locale_43-Rural: Remote', 'Locale_32-Town: Distant', 'Locale_31-Town: Fringe', 'Locale_13-City: Small', 'ESSER-SUPP 22', 'County Population', 'Avg Family Size 10', '% White Pop 10', '% Title 1 School-wide Diff', '% Tested Reading G8 Diff', '% Tested Reading G5 Diff', '% Tested Reading G3 Diff', '% Male Pop 10', '% Hispanic Diff', '% HH Married-noChild 10', '% HH Male-Child 10', '% Female Pop 10', '% County Infected 09/28/20', '% Black Pop 10', '% Asian Pop 10', '% Age 85-Up Pop 10', '% Age 35-44 Pop 10', '% ADA Diff', '# of Households 10', '# of Families 10', 'Locale_41-Rural: Fringe', 'Locale_33-Town: Remote', 'Locale_22-Suburb: Mid-size', 'Locale_21-Suburb: Large', 'Locale_11-City: Large', '% Housing Vacant 10', '% Housing Renter Occup 10', '% Housing Owner Occup 10', '% County Infected 10/30/20', '% Age 15-19 Pop 10', '# of Housing Units 10', '% Hispanic Pop 10', '% HH Married-Child 10', '% HH Female-Child 10', '% HH 1 Male 10', '% County Infected 01/29/21', '% County Deaths 09/28/20', '% Age 65-74 Pop 10', '% Age 55-64 Pop 10', '% Age 25-34 Pop 10', '% Age 10-14 Pop 10', '% Age 0-4 Pop 10', '% County Deaths 10/30/20', '% County Deaths 01/29/21', '% Age 75-84 Pop 10', '% Age 45-54 Pop 10']",<catboost.core.CatBoostClassifier object at 0x00000230AA8D9510>,"              precision    recall  f1-score   support

           0       0.79      0.51      0.62        43
           1       0.60      0.93      0.73       102
           2       0.50      0.04      0.08        46

    accuracy                           0.62       191
   macro avg       0.63      0.50      0.48       191
weighted avg       0.62      0.62      0.55       191
",8.734375,1283.497272014618,100
XGBoost,90,No Reduction,"{'n_estimators': 200, 'min_child_weight': 0.001, 'max_depth': 1, 'learning_rate': 0.1, 'lambda': 10, 'gamma': 0.1, 'alpha': 0}",0.5811489508083935,0.6243455497382199,0.612565445026178,0.5386950437143452,0.612565445026178,0.31184626327466225,0.5346613056807081,"[[22 18  3]
 [ 7 94  1]
 [ 0 45  1]]","[0 1 1 1 1 0 1 1 0 1 1 1 1 0 1 1 1 1 1 1 2 1 1 1 1 0 1 1 2 1 0 1 1 1 1 1 0
 1 1 0 1 1 1 1 1 1 1 1 1 0 1 1 0 1 1 1 2 1 0 1 1 1 1 1 1 1 1 1 0 0 1 1 1 1
 1 0 1 1 1 1 1 2 0 1 1 1 0 1 1 1 1 1 1 1 1 1 1 1 1 2 1 1 1 1 0 1 1 1 1 1 1
 0 1 1 1 1 0 1 1 1 1 0 1 1 0 0 0 1 1 1 0 1 1 1 1 1 1 1 1 1 1 1 1 1 0 1 1 1
 1 1 1 1 1 1 1 1 1 1 1 0 1 0 1 1 1 1 1 1 1 1 1 1 1 1 1 1 0 1 1 1 1 0 1 1 1
 1 1 1 1 1 1]","[[0.6611348  0.23228039 0.10658486]
 [0.12655781 0.61951196 0.2539302 ]
 [0.4567053  0.47725445 0.06604019]
 [0.12411381 0.61393124 0.26195496]
 [0.09399386 0.63471025 0.27129588]
 [0.64121586 0.3140511  0.044733  ]
 [0.10702734 0.6446227  0.24834992]
 [0.2730557  0.37644443 0.3504998 ]
 [0.504912   0.42932355 0.06576442]
 [0.07421944 0.4961761  0.42960444]
 [0.08447994 0.54484314 0.37067688]
 [0.09398305 0.6182473  0.28776968]
 [0.15407349 0.52823055 0.31769598]
 [0.6815071  0.27421054 0.04428237]
 [0.215455   0.6169001  0.1676449 ]
 [0.35666505 0.47152168 0.17181332]
 [0.15252183 0.48939225 0.35808593]
 [0.14847545 0.7205667  0.13095787]
 [0.19293898 0.6841836  0.12287746]
 [0.09980834 0.6356176  0.26457405]
 [0.16830471 0.33796224 0.49373302]
 [0.28611878 0.53820056 0.17568065]
 [0.35908613 0.52817464 0.11273923]
 [0.11293852 0.68123686 0.20582458]
 [0.09695037 0.7023442  0.20070544]
 [0.6907309  0.27218515 0.03708395]
 [0.11145702 0.68591833 0.20262468]
 [0.44271764 0.4868885  0.07039384]
 [0.13431573 0.38940954 0.4762747 ]
 [0.16545579 0.53504264 0.29950157]
 [0.7152346  0.23560607 0.04915932]
 [0.23652193 0.66914725 0.09433085]
 [0.3526391  0.46582225 0.1815386 ]
 [0.38997713 0.395039   0.21498387]
 [0.0912954  0.4559885  0.45271614]
 [0.12891896 0.53481525 0.3362658 ]
 [0.7418953  0.17846768 0.07963704]
 [0.1508821  0.5101958  0.3389221 ]
 [0.12204294 0.6303241  0.24763297]
 [0.50542194 0.44527128 0.04930681]
 [0.12307087 0.6544521  0.22247705]
 [0.16869181 0.56010467 0.27120352]
 [0.11127134 0.7149885  0.17374013]
 [0.11583293 0.6027166  0.28145048]
 [0.24401821 0.6366929  0.11928891]
 [0.18333125 0.4324136  0.38425508]
 [0.15368631 0.586788   0.2595257 ]
 [0.08373269 0.5903492  0.32591808]
 [0.28139257 0.3610866  0.35752076]
 [0.64090884 0.25680056 0.1022906 ]
 [0.11043396 0.63105243 0.25851357]
 [0.14441608 0.7087052  0.1468787 ]
 [0.7472871  0.21426317 0.03844969]
 [0.12550157 0.6382888  0.23620969]
 [0.1897066  0.5240856  0.2862078 ]
 [0.08233355 0.70447665 0.21318977]
 [0.10265634 0.4388041  0.4585396 ]
 [0.21187016 0.44431493 0.34381494]
 [0.43985993 0.4157372  0.14440286]
 [0.1749502  0.52843165 0.29661813]
 [0.23401283 0.41213977 0.3538474 ]
 [0.1543719  0.57710165 0.26852638]
 [0.07941402 0.6783102  0.24227576]
 [0.4131221  0.45815504 0.12872282]
 [0.11192434 0.6932058  0.19486992]
 [0.1195666  0.58581495 0.2946185 ]
 [0.12735566 0.7314272  0.1412172 ]
 [0.30627    0.5244602  0.16926983]
 [0.4850927  0.44760057 0.06730676]
 [0.4762317  0.41453865 0.10922968]
 [0.11131921 0.7481745  0.14050631]
 [0.1375587  0.53327876 0.32916257]
 [0.15921552 0.4761474  0.36463708]
 [0.10988823 0.690707   0.1994047 ]
 [0.16005272 0.5644847  0.2754626 ]
 [0.63076854 0.3248583  0.04437316]
 [0.17658934 0.5966429  0.22676775]
 [0.15718788 0.7473923  0.09541982]
 [0.14530449 0.52917546 0.32552007]
 [0.15224724 0.5020128  0.34574   ]
 [0.30152565 0.4630622  0.23541217]
 [0.2470063  0.35497186 0.39802185]
 [0.7090019  0.21951216 0.07148591]
 [0.28164494 0.57024544 0.14810961]
 [0.28174916 0.6325857  0.08566514]
 [0.22363223 0.40911466 0.36725315]
 [0.63430214 0.3268048  0.03889314]
 [0.09785517 0.6519645  0.2501803 ]
 [0.09872837 0.5804265  0.32084507]
 [0.3117164  0.60763246 0.08065113]
 [0.16826674 0.66738105 0.16435224]
 [0.23791479 0.69410443 0.06798081]
 [0.11067946 0.6198933  0.2694272 ]
 [0.40763113 0.5150838  0.07728508]
 [0.23704821 0.60393775 0.159014  ]
 [0.11902333 0.6381216  0.24285504]
 [0.09317162 0.70906144 0.19776696]
 [0.16039407 0.49749315 0.3421128 ]
 [0.10740185 0.6298134  0.26278475]
 [0.23609993 0.3025539  0.46134615]
 [0.20431414 0.6329088  0.16277705]
 [0.16017574 0.533481   0.3063433 ]
 [0.35185653 0.5634221  0.08472142]
 [0.17556052 0.5314564  0.29298308]
 [0.5530499  0.33047304 0.11647701]
 [0.28648856 0.47433904 0.23917237]
 [0.44026816 0.5056683  0.05406353]
 [0.14066623 0.6729165  0.18641731]
 [0.15211579 0.45285293 0.39503127]
 [0.2617788  0.4352289  0.30299225]
 [0.1312403  0.5122772  0.35648245]
 [0.47298914 0.42392674 0.10308415]
 [0.41455868 0.4847885  0.10065275]
 [0.11018518 0.66445535 0.22535948]
 [0.13664423 0.5110975  0.35225827]
 [0.12013394 0.49735963 0.3825064 ]
 [0.45190415 0.4467762  0.10131962]
 [0.17964366 0.58290356 0.23745278]
 [0.1274845  0.6049271  0.26758835]
 [0.23653656 0.39705166 0.36641178]
 [0.3383638  0.5256266  0.13600962]
 [0.48129162 0.46133882 0.05736955]
 [0.14469483 0.5410445  0.31426066]
 [0.4094487  0.4189411  0.17161018]
 [0.46814564 0.4086234  0.12323099]
 [0.6127727  0.3072666  0.07996065]
 [0.48438308 0.41171747 0.1038995 ]
 [0.17679301 0.6655317  0.15767531]
 [0.12362099 0.70775026 0.16862872]
 [0.1485246  0.6114277  0.24004771]
 [0.63139975 0.32708243 0.0415178 ]
 [0.36749694 0.56765616 0.06484692]
 [0.24996054 0.55635047 0.19368902]
 [0.11862931 0.652688   0.22868267]
 [0.21417013 0.68956614 0.09626371]
 [0.40344113 0.43508476 0.16147408]
 [0.3632204  0.5726873  0.06409229]
 [0.11598467 0.7796613  0.10435401]
 [0.31351247 0.61610585 0.07038163]
 [0.38877037 0.46687338 0.1443563 ]
 [0.13876244 0.6782641  0.1829735 ]
 [0.24378303 0.50759566 0.24862128]
 [0.13535681 0.7137307  0.15091252]
 [0.3847792  0.537254   0.07796682]
 [0.711306   0.24022645 0.04846755]
 [0.1941986  0.5120355  0.29376596]
 [0.15077527 0.52913475 0.32008997]
 [0.14992158 0.6674048  0.18267366]
 [0.42128882 0.51331174 0.06539945]
 [0.31974474 0.39687276 0.28338248]
 [0.14693984 0.5207951  0.33226505]
 [0.10852838 0.6755304  0.21594128]
 [0.12059696 0.5774433  0.30195978]
 [0.10814619 0.6178433  0.27401054]
 [0.13777645 0.73160446 0.13061911]
 [0.09776263 0.68195575 0.22028159]
 [0.12527953 0.73553956 0.13918094]
 [0.12949324 0.7414141  0.12909262]
 [0.11430745 0.76838684 0.11730576]
 [0.61075705 0.33767915 0.0515638 ]
 [0.11309199 0.60452724 0.2823808 ]
 [0.64364326 0.30049103 0.05586566]
 [0.3446429  0.55160826 0.10374881]
 [0.1566933  0.5672884  0.27601832]
 [0.13789853 0.6199523  0.24214913]
 [0.10337251 0.651705   0.24492246]
 [0.1011239  0.67093635 0.22793972]
 [0.26156396 0.51049453 0.22794157]
 [0.34844512 0.38071093 0.27084395]
 [0.24538058 0.38523772 0.36938167]
 [0.27833784 0.40069476 0.32096738]
 [0.17624542 0.4824925  0.3412621 ]
 [0.16566062 0.51132387 0.32301545]
 [0.22585234 0.5782028  0.19594489]
 [0.12149703 0.6840836  0.19441935]
 [0.14516431 0.48111486 0.3737208 ]
 [0.7108052  0.2526812  0.0365136 ]
 [0.1934628  0.4308894  0.37564778]
 [0.34378096 0.5497515  0.10646753]
 [0.1885863  0.63629764 0.17511609]
 [0.20420302 0.5471658  0.24863118]
 [0.62725973 0.28756136 0.08517888]
 [0.376724   0.54853755 0.07473839]
 [0.18080385 0.4353861  0.38381   ]
 [0.3897677  0.51330876 0.09692349]
 [0.43804148 0.4839718  0.07798671]
 [0.12109414 0.51481414 0.3640917 ]
 [0.16865396 0.5482216  0.28312448]
 [0.31402057 0.4176125  0.26836693]
 [0.16818006 0.49495387 0.33686608]
 [0.11174858 0.60926    0.27899143]]","['Labor Force Diff', 'Employed Diff', 'Unemployed Level Diff', 'Unemployed Rate Diff', 'Median Age 10', 'Median Age Male 10', 'Median Age Female 10', '# of Households 10', 'Avg Household Size 10', '# of Families 10', 'Avg Family Size 10', '# of Housing Units 10', 'County Population', 'CARES ESSER I 20', 'CRRSA ESSER II 21', 'ARP ESSER III 21', 'ESSER-SUPP 22', 'ESSER-SUPP 23', '% County Infected 09/28/20', '% County Deaths 09/28/20', '% County Infected 10/30/20', '% County Deaths 10/30/20', '% County Infected 01/29/21', '% County Deaths 01/29/21', '% On Campus 09/28/20', '% On Campus 10/30/20', '% On Campus 01/29/21', '% White Pop 10', '% Black Pop 10', '% Asian Pop 10', '% Hispanic Pop 10', '% Male Pop 10', '% Female Pop 10', '% Age 0-4 Pop 10', '% Age 5-9 Pop 10', '% Age 10-14 Pop 10', '% Age 15-19 Pop 10', '% Age 20-24 Pop 10', '% Age 25-34 Pop 10', '% Age 35-44 Pop 10', '% Age 45-54 Pop 10', '% Age 55-64 Pop 10', '% Age 65-74 Pop 10', '% Age 75-84 Pop 10', '% Age 85-Up Pop 10', '% HH 1 Male 10', '% HH 1 Female 10', '% HH Married-Child 10', '% HH Married-noChild 10', '% HH Male-Child 10', '% HH Female-Child 10', '% Housing Vacant 10', '% Housing Owner Occup 10', '% Housing Renter Occup 10', 'Total Schools Diff', 'Total Students Diff', '% Operational Schools Diff', '% Title 1 School-wide Diff', '% Title 1 Eligible Diff', 'Teachers:Students Diff', 'Staff:Students Diff', '% Free Lunch Diff', '% Reduced-price Lunch Diff', '% Asian Diff', '% Hispanic Diff', '% Black Diff', '% White Diff', '% Grades 1-8 Diff', '% Grades 9-12 Diff', '% Prek Diff', '% Kinder Diff', '% ADA Diff', '% Tested Reading G3 Diff', '% Tested Reading G4 Diff', '% Tested Reading G5 Diff', '% Tested Reading G6 Diff', '% Tested Reading G7 Diff', '% Tested Reading G8 Diff', 'Locale_11-City: Large', 'Locale_12-City: Mid-size', 'Locale_13-City: Small', 'Locale_21-Suburb: Large', 'Locale_22-Suburb: Mid-size', 'Locale_23-Suburb: Small', 'Locale_31-Town: Fringe', 'Locale_32-Town: Distant', 'Locale_33-Town: Remote', 'Locale_41-Rural: Fringe', 'Locale_42-Rural: Distant', 'Locale_43-Rural: Remote']","XGBClassifier(alpha=0, base_score=0.5, booster='gbtree', callbacks=None,
              colsample_bylevel=1, colsample_bynode=1, colsample_bytree=1,
              early_stopping_rounds=20, enable_categorical=True,
              eval_metric='mlogloss', gamma=0.1, gpu_id=-1,
              grow_policy='depthwise', importance_type=None,
              interaction_constraints='', lambda=10, learning_rate=0.1,
              max_bin=256, max_cat_to_onehot=4, max_delta_step=0, max_depth=1,
              max_leaves=0, min_child_weight=0.001, missing=nan,
              monotone_constraints='()', n_estimators=200, n_jobs=0,
              num_class=3, num_parallel_tree=1, objective='multi:softprob', ...)","              precision    recall  f1-score   support

           0       0.76      0.51      0.61        43
           1       0.60      0.92      0.73       102
           2       0.20      0.02      0.04        46

    accuracy                           0.61       191
   macro avg       0.52      0.48      0.46       191
weighted avg       0.54      0.61      0.53       191
",47.359375,830.979257106781,777
XGBoost,82,Permutation Importance - Ridge,"{'n_estimators': 50, 'min_child_weight': 0.1, 'max_depth': 1, 'learning_rate': 0.3, 'lambda': 10, 'gamma': 0.1, 'alpha': 0}",0.5798331613347092,0.6295811518324608,0.6020942408376964,0.5524404661374768,0.6020942408376964,0.288245150889069,0.5411166589177061,"[[22 18  3]
 [ 8 90  4]
 [ 1 42  3]]","[0 1 0 1 1 0 1 2 0 1 1 1 1 0 1 1 1 1 1 1 2 1 1 1 1 0 1 1 2 1 0 1 1 1 2 1 0
 1 1 0 1 1 1 1 1 1 1 1 1 0 1 1 0 1 1 1 2 1 0 1 1 1 1 0 1 1 1 1 0 0 1 1 1 1
 1 0 1 1 1 1 1 2 0 1 1 2 0 1 1 1 1 1 1 1 1 1 1 1 1 2 1 1 1 1 0 1 1 1 1 1 1
 0 1 1 1 1 1 1 1 2 1 0 1 1 0 0 0 1 1 1 0 1 1 1 1 1 1 1 1 1 1 1 1 1 0 1 1 1
 1 1 1 1 1 1 1 1 1 1 1 0 1 0 1 1 1 1 1 1 0 2 1 1 1 1 1 1 0 1 1 1 1 0 1 1 1
 1 1 1 1 1 1]","[[0.67407095 0.22088127 0.10504775]
 [0.12547201 0.6211372  0.25339073]
 [0.47446138 0.4630636  0.06247504]
 [0.12627302 0.6458518  0.22787516]
 [0.09967477 0.64357185 0.25675339]
 [0.6392236  0.3148261  0.04595033]
 [0.10513861 0.6425534  0.252308  ]
 [0.26576933 0.36561632 0.36861435]
 [0.505235   0.42744282 0.06732222]
 [0.07988662 0.4992913  0.42082205]
 [0.07927269 0.5437255  0.37700185]
 [0.09310792 0.59155345 0.31533864]
 [0.14784044 0.5264659  0.32569364]
 [0.6886609  0.26894644 0.04239269]
 [0.2406096  0.58901185 0.1703785 ]
 [0.31502268 0.5084226  0.17655474]
 [0.14933698 0.4935533  0.35710964]
 [0.15038234 0.72458553 0.12503208]
 [0.18292591 0.690503   0.12657107]
 [0.10178415 0.64269775 0.25551808]
 [0.15958297 0.3446076  0.49580944]
 [0.2835718  0.5521687  0.16425945]
 [0.36792266 0.5269768  0.10510056]
 [0.11193255 0.68084234 0.20722508]
 [0.10209295 0.70413226 0.19377473]
 [0.6944927  0.268785   0.03672229]
 [0.11012853 0.6698692  0.22000223]
 [0.45123664 0.48459047 0.06417291]
 [0.12864733 0.39489117 0.47646144]
 [0.17043221 0.5374575  0.29211026]
 [0.7227462  0.22602923 0.05122453]
 [0.237203   0.6642197  0.09857733]
 [0.3480052  0.47422555 0.17776929]
 [0.39309803 0.39342308 0.21347883]
 [0.08442659 0.4514793  0.46409413]
 [0.1150284  0.5396678  0.3453038 ]
 [0.7445003  0.17731857 0.07818113]
 [0.14526802 0.50189275 0.35283923]
 [0.1156307  0.6234949  0.2608744 ]
 [0.5234737  0.43248528 0.04404106]
 [0.13604873 0.6512282  0.21272309]
 [0.15668981 0.5483672  0.294943  ]
 [0.11031941 0.7086511  0.18102944]
 [0.11872048 0.61811316 0.26316637]
 [0.24033144 0.6487216  0.11094698]
 [0.18025452 0.44234312 0.37740237]
 [0.15604126 0.6008324  0.24312635]
 [0.08597739 0.59022766 0.32379493]
 [0.277401   0.361778   0.36082098]
 [0.6430133  0.25120565 0.10578109]
 [0.11254986 0.6453262  0.24212395]
 [0.13454929 0.7257472  0.13970348]
 [0.75827616 0.2053728  0.03635109]
 [0.12349683 0.6432692  0.23323397]
 [0.20288819 0.5085994  0.2885124 ]
 [0.08170928 0.6983958  0.2198949 ]
 [0.09541518 0.42874265 0.4758422 ]
 [0.21745342 0.44402587 0.3385207 ]
 [0.43264547 0.42732605 0.14002845]
 [0.16218174 0.5571106  0.28070766]
 [0.2203302  0.41635302 0.36331677]
 [0.14957927 0.57944924 0.27097145]
 [0.08198549 0.68476605 0.23324847]
 [0.44193935 0.42203546 0.13602519]
 [0.11268875 0.70112413 0.18618712]
 [0.10892203 0.5892083  0.3018697 ]
 [0.1376077  0.7346615  0.12773071]
 [0.307171   0.5275654  0.16526361]
 [0.5041028  0.43307734 0.06281985]
 [0.48036113 0.4134036  0.10623522]
 [0.11451379 0.7460477  0.13943848]
 [0.13354583 0.5227351  0.34371904]
 [0.14838663 0.5025307  0.34908268]
 [0.10539124 0.68310016 0.21150862]
 [0.16109258 0.5770242  0.26188317]
 [0.62375987 0.32810956 0.04813062]
 [0.17732483 0.60345715 0.219218  ]
 [0.15662065 0.75307375 0.0903056 ]
 [0.15071201 0.52063006 0.32865795]
 [0.15070644 0.5126357  0.33665785]
 [0.3167366  0.4577814  0.22548197]
 [0.23701258 0.35986367 0.40312377]
 [0.700754   0.22855408 0.07069194]
 [0.2837283  0.57216585 0.14410587]
 [0.2859316  0.63544816 0.07862028]
 [0.22839804 0.3735477  0.3980543 ]
 [0.64299655 0.32035378 0.03664967]
 [0.10550538 0.64808565 0.24640901]
 [0.10247193 0.5825804  0.3149477 ]
 [0.31227183 0.612008   0.07572018]
 [0.16235867 0.6870089  0.15063235]
 [0.23292449 0.7037314  0.06334407]
 [0.10664383 0.63288623 0.26046994]
 [0.4040984  0.51318437 0.08271727]
 [0.2256311  0.61857456 0.15579438]
 [0.11493178 0.622875   0.26219323]
 [0.09604841 0.7122067  0.19174483]
 [0.14742386 0.5042034  0.34837276]
 [0.11047929 0.649725   0.23979573]
 [0.24058804 0.29922184 0.4601901 ]
 [0.20602296 0.63744897 0.15652804]
 [0.16301884 0.53061146 0.3063697 ]
 [0.357528   0.5595773  0.08289471]
 [0.18660992 0.5241456  0.28924447]
 [0.56882507 0.31800354 0.11317139]
 [0.26731348 0.49707788 0.23560865]
 [0.4494885  0.49951267 0.0509989 ]
 [0.13946614 0.66688055 0.19365327]
 [0.16074076 0.45246783 0.38679138]
 [0.25937754 0.450416   0.29020643]
 [0.11875484 0.51874596 0.36249915]
 [0.47380164 0.4164426  0.10975572]
 [0.40889692 0.48533598 0.10576706]
 [0.11380066 0.6796398  0.2065595 ]
 [0.13168761 0.5035005  0.36481187]
 [0.11067899 0.49049768 0.39882335]
 [0.4056815  0.48740724 0.10691123]
 [0.18422982 0.5871877  0.22858252]
 [0.12836297 0.6153856  0.2562514 ]
 [0.22762364 0.3859799  0.38639644]
 [0.33274683 0.5378024  0.12945077]
 [0.47103143 0.46886963 0.06009894]
 [0.13576113 0.56243956 0.30179927]
 [0.41027516 0.43488905 0.15483579]
 [0.45390144 0.40867567 0.13742284]
 [0.619123   0.29805952 0.08281749]
 [0.4796972  0.40137643 0.11892635]
 [0.18833388 0.6624701  0.14919601]
 [0.12032331 0.70625967 0.17341702]
 [0.15301761 0.6070609  0.23992148]
 [0.6452642  0.3144324  0.04030343]
 [0.3657902  0.5725087  0.06170115]
 [0.26608837 0.56160945 0.17230217]
 [0.11393081 0.6411938  0.24487533]
 [0.2214933  0.68892074 0.08958599]
 [0.40250903 0.43448883 0.1630021 ]
 [0.3657902  0.5725087  0.06170115]
 [0.11307166 0.78011763 0.10681075]
 [0.31133258 0.6216682  0.06699923]
 [0.3821556  0.47806954 0.13977489]
 [0.1432223  0.6741228  0.1826549 ]
 [0.22616644 0.5182744  0.25555915]
 [0.13839954 0.7069801  0.15462038]
 [0.36456037 0.5598998  0.07553986]
 [0.7282111  0.2257295  0.04605944]
 [0.20369929 0.50183344 0.29446724]
 [0.14540577 0.5259948  0.32859945]
 [0.13705368 0.67871207 0.18423426]
 [0.41759923 0.5191077  0.06329304]
 [0.33178592 0.39357084 0.27464324]
 [0.14548224 0.51993805 0.3345797 ]
 [0.10836894 0.67212415 0.21950696]
 [0.12020243 0.5648964  0.31490117]
 [0.11266881 0.6210659  0.2662653 ]
 [0.14357235 0.72181034 0.1346173 ]
 [0.09954596 0.6874825  0.21297155]
 [0.11436851 0.74561775 0.14001377]
 [0.12661116 0.7351893  0.13819952]
 [0.11068951 0.7636824  0.12562805]
 [0.63073903 0.31607845 0.05318249]
 [0.11615797 0.6163689  0.26747313]
 [0.6548004  0.29062265 0.05457697]
 [0.3500559  0.5478825  0.10206155]
 [0.14227843 0.586458   0.27126354]
 [0.13257486 0.6205862  0.24683894]
 [0.10783348 0.67002106 0.22214548]
 [0.10864715 0.6580607  0.23329213]
 [0.23924422 0.52952373 0.23123202]
 [0.40792516 0.35283995 0.23923488]
 [0.26193833 0.35229427 0.3857674 ]
 [0.29657084 0.3739818  0.3294474 ]
 [0.16265136 0.5020544  0.3352943 ]
 [0.16516703 0.5206811  0.31415182]
 [0.23685691 0.56086886 0.20227425]
 [0.11523489 0.68780434 0.1969608 ]
 [0.14792116 0.46177372 0.39030513]
 [0.7227961  0.24209706 0.03510683]
 [0.1797414  0.42436174 0.39589685]
 [0.37439707 0.53733736 0.08826554]
 [0.19671664 0.6356277  0.16765568]
 [0.20844282 0.54606694 0.2454902 ]
 [0.65239054 0.2721349  0.07547453]
 [0.3793996  0.5468246  0.0737758 ]
 [0.17672552 0.46290398 0.36037046]
 [0.3900804  0.51450574 0.09541388]
 [0.438508   0.48194796 0.07954407]
 [0.11658143 0.50405115 0.3793674 ]
 [0.17444326 0.5442378  0.28131893]
 [0.30387142 0.44342434 0.2527043 ]
 [0.16078465 0.50399566 0.33521965]
 [0.1168972  0.6125287  0.2705741 ]]","['CARES ESSER I 20', 'ARP ESSER III 21', '% Reduced-price Lunch Diff', '% Prek Diff', '% On Campus 09/28/20', '% Black Diff', 'Unemployed Level Diff', 'ESSER-SUPP 23', '% Tested Reading G7 Diff', '% Tested Reading G6 Diff', '% Tested Reading G4 Diff', '% On Campus 10/30/20', '% On Campus 01/29/21', 'Total Students Diff', 'Total Schools Diff', 'Median Age Female 10', 'Labor Force Diff', 'Employed Diff', 'Avg Household Size 10', '% White Diff', '% Kinder Diff', '% Grades 9-12 Diff', '% Grades 1-8 Diff', '% Free Lunch Diff', '% Asian Diff', '% Age 20-24 Pop 10', 'Unemployed Rate Diff', 'Teachers:Students Diff', 'Staff:Students Diff', 'Median Age Male 10', 'Median Age 10', 'Locale_43-Rural: Remote', 'Locale_32-Town: Distant', 'Locale_31-Town: Fringe', 'Locale_13-City: Small', 'ESSER-SUPP 22', 'County Population', 'Avg Family Size 10', '% White Pop 10', '% Title 1 School-wide Diff', '% Tested Reading G8 Diff', '% Tested Reading G5 Diff', '% Tested Reading G3 Diff', '% Male Pop 10', '% Hispanic Diff', '% HH Married-noChild 10', '% HH Male-Child 10', '% Female Pop 10', '% County Infected 09/28/20', '% Black Pop 10', '% Asian Pop 10', '% Age 85-Up Pop 10', '% Age 35-44 Pop 10', '% ADA Diff', '# of Households 10', '# of Families 10', 'Locale_41-Rural: Fringe', 'Locale_33-Town: Remote', 'Locale_22-Suburb: Mid-size', 'Locale_21-Suburb: Large', 'Locale_11-City: Large', '% Housing Vacant 10', '% Housing Renter Occup 10', '% Housing Owner Occup 10', '% County Infected 10/30/20', '% Age 15-19 Pop 10', '# of Housing Units 10', '% Hispanic Pop 10', '% HH Married-Child 10', '% HH Female-Child 10', '% HH 1 Male 10', '% County Infected 01/29/21', '% County Deaths 09/28/20', '% Age 65-74 Pop 10', '% Age 55-64 Pop 10', '% Age 25-34 Pop 10', '% Age 10-14 Pop 10', '% Age 0-4 Pop 10', '% County Deaths 10/30/20', '% County Deaths 01/29/21', '% Age 75-84 Pop 10', '% Age 45-54 Pop 10']","XGBClassifier(alpha=0, base_score=0.5, booster='gbtree', callbacks=None,
              colsample_bylevel=1, colsample_bynode=1, colsample_bytree=1,
              early_stopping_rounds=20, enable_categorical=True,
              eval_metric='mlogloss', gamma=0.1, gpu_id=-1,
              grow_policy='depthwise', importance_type=None,
              interaction_constraints='', lambda=10, learning_rate=0.3,
              max_bin=256, max_cat_to_onehot=4, max_delta_step=0, max_depth=1,
              max_leaves=0, min_child_weight=0.1, missing=nan,
              monotone_constraints='()', n_estimators=50, n_jobs=0, num_class=3,
              num_parallel_tree=1, objective='multi:softprob', ...)","              precision    recall  f1-score   support

           0       0.71      0.51      0.59        43
           1       0.60      0.88      0.71       102
           2       0.30      0.07      0.11        46

    accuracy                           0.60       191
   macro avg       0.54      0.49      0.47       191
weighted avg       0.55      0.60      0.54       191
",42.71875,779.0231487751007,777
LightGBM,90,No Reduction,"{'reg_lambda': 0, 'reg_alpha': 0.1, 'n_estimators': 50, 'min_sum_hessian_in_leaf': 1, 'min_split_gain': 0.1, 'max_depth': 1, 'learning_rate': 0.3}",0.5824475404196766,0.6099476439790575,0.6020942408376964,0.48259162303664926,0.6020942408376964,0.2881076542342026,0.5163741330521798,"[[21 20  2]
 [ 7 94  1]
 [ 0 46  0]]","[0 1 0 1 1 0 1 1 0 1 1 1 1 0 1 1 1 1 1 1 2 1 1 1 1 0 1 1 1 1 0 1 1 1 1 1 0
 1 1 1 1 1 1 1 1 1 1 1 1 0 1 1 0 1 1 1 2 1 1 1 1 1 1 0 1 1 1 1 1 0 1 1 1 1
 1 0 1 1 1 1 1 1 0 1 1 1 0 1 1 1 1 1 1 1 1 1 1 1 1 2 1 1 1 1 0 1 1 1 1 1 1
 0 1 1 1 1 1 1 1 1 1 0 1 1 0 0 0 1 1 1 0 1 1 1 1 1 1 1 1 1 1 1 1 1 0 1 1 1
 1 1 1 1 1 1 1 1 1 1 1 0 1 0 1 1 1 1 1 1 1 1 1 1 1 1 1 1 0 1 1 1 1 0 1 1 1
 0 1 1 1 1 1]","[[0.57378156 0.31918035 0.10703809]
 [0.13401722 0.61875091 0.24723186]
 [0.47456201 0.45803286 0.06740513]
 [0.14689022 0.59413522 0.25897457]
 [0.11627391 0.61545747 0.26826862]
 [0.68133797 0.27245769 0.04620434]
 [0.11206269 0.65659582 0.23134149]
 [0.21071441 0.45688379 0.33240179]
 [0.48864462 0.45149798 0.0598574 ]
 [0.10044729 0.51335139 0.38620131]
 [0.1090284  0.54852835 0.34244325]
 [0.10512654 0.55490055 0.33997291]
 [0.141612   0.56604511 0.29234289]
 [0.64018161 0.31769936 0.04211903]
 [0.25168105 0.61708004 0.13123891]
 [0.33130014 0.46990199 0.19879787]
 [0.15265079 0.53221792 0.31513129]
 [0.17237179 0.69720198 0.13042623]
 [0.1863029  0.64345543 0.17024166]
 [0.11504123 0.58793597 0.2970228 ]
 [0.16433561 0.30421295 0.53145144]
 [0.28979612 0.53795556 0.17224832]
 [0.33383852 0.53037716 0.13578432]
 [0.11206269 0.65659582 0.23134149]
 [0.10909414 0.6392025  0.25170336]
 [0.71414364 0.24440867 0.04144769]
 [0.11150368 0.65332044 0.23517588]
 [0.41360168 0.51775667 0.06864165]
 [0.12273212 0.44318797 0.43407991]
 [0.14196963 0.56747461 0.29055576]
 [0.69744939 0.23869522 0.06385539]
 [0.24485218 0.66675297 0.08839485]
 [0.33063131 0.47037198 0.19899671]
 [0.3242479  0.4598994  0.2158527 ]
 [0.11852092 0.4737465  0.40773257]
 [0.14454562 0.52195691 0.33349747]
 [0.69142709 0.23107965 0.07749326]
 [0.15855935 0.502426   0.33901464]
 [0.1574231  0.55216641 0.29041049]
 [0.45489853 0.48736292 0.05773855]
 [0.15367918 0.60721385 0.23910696]
 [0.17755962 0.54234025 0.28010014]
 [0.11436495 0.67008514 0.21554992]
 [0.11627391 0.61545747 0.26826862]
 [0.23517857 0.62242391 0.14239752]
 [0.16237017 0.49676068 0.34086915]
 [0.16378605 0.57784159 0.25837235]
 [0.09791923 0.51685741 0.38522337]
 [0.2727629  0.36433642 0.36290068]
 [0.65340006 0.25076584 0.0958341 ]
 [0.12843471 0.60698827 0.26457702]
 [0.14740942 0.67460529 0.17798529]
 [0.75278638 0.20519353 0.0420201 ]
 [0.18466965 0.58677442 0.22855592]
 [0.1951513  0.53317132 0.27167739]
 [0.1011752  0.6653921  0.2334327 ]
 [0.1275788  0.42119953 0.45122167]
 [0.19708778 0.52508157 0.27783065]
 [0.40861366 0.44286891 0.14851743]
 [0.18301303 0.55899721 0.25798976]
 [0.21670551 0.4292375  0.354057  ]
 [0.16449182 0.52122419 0.31428399]
 [0.10592026 0.6206062  0.27347354]
 [0.44741449 0.42675593 0.12582958]
 [0.12060651 0.63094266 0.24845083]
 [0.141612   0.56604511 0.29234289]
 [0.13391368 0.70882778 0.15725854]
 [0.31432586 0.47091322 0.21476092]
 [0.44535624 0.4895589  0.06508486]
 [0.46264154 0.40795119 0.12940727]
 [0.12432063 0.72841729 0.14726208]
 [0.1570875  0.51862208 0.32429042]
 [0.13922093 0.50132716 0.35945191]
 [0.1139175  0.6674635  0.218619  ]
 [0.17879183 0.56188543 0.25932274]
 [0.65880504 0.28677337 0.05442159]
 [0.17568665 0.60575261 0.21856074]
 [0.14450328 0.76488031 0.09061641]
 [0.13018555 0.60106025 0.2687542 ]
 [0.11312176 0.52104929 0.36582895]
 [0.28396755 0.47852539 0.23750706]
 [0.26534193 0.40456282 0.33009525]
 [0.69747833 0.21504406 0.08747761]
 [0.2631207  0.57553668 0.16134262]
 [0.24147464 0.63908708 0.11943827]
 [0.230729   0.44806455 0.32120644]
 [0.67386676 0.26947006 0.05666318]
 [0.10592026 0.6206062  0.27347354]
 [0.12174754 0.56391478 0.31433768]
 [0.28838057 0.59956702 0.11205241]
 [0.16484656 0.66676428 0.16838916]
 [0.22427824 0.69355532 0.08216644]
 [0.14653477 0.57226057 0.28120466]
 [0.41870309 0.50628169 0.07501522]
 [0.22255764 0.63706517 0.14037719]
 [0.11901503 0.62996668 0.2510183 ]
 [0.11206269 0.65659582 0.23134149]
 [0.16481705 0.53139069 0.30379226]
 [0.11879494 0.60711988 0.27408518]
 [0.24303329 0.33381939 0.42314732]
 [0.25281899 0.55300327 0.19417774]
 [0.15216243 0.53371444 0.31412313]
 [0.34654375 0.55056228 0.10289397]
 [0.18957438 0.52709973 0.28332589]
 [0.54194691 0.34787223 0.11018085]
 [0.2596133  0.46873715 0.27164955]
 [0.35319084 0.57829747 0.06851169]
 [0.14804233 0.66282614 0.18913153]
 [0.15706858 0.48054082 0.3623906 ]
 [0.23363482 0.44605967 0.32030551]
 [0.1319429  0.52739621 0.34066089]
 [0.50644274 0.38650171 0.10705555]
 [0.40028821 0.5092196  0.09049219]
 [0.12186403 0.62656066 0.25157531]
 [0.1319429  0.52739621 0.34066089]
 [0.13865756 0.500695   0.36064744]
 [0.43265909 0.46134287 0.10599804]
 [0.16773962 0.5987438  0.23351658]
 [0.14620083 0.59134683 0.26245234]
 [0.24535223 0.45059964 0.30404814]
 [0.30666567 0.54746868 0.14586565]
 [0.49177616 0.45439146 0.05383237]
 [0.15489958 0.55934526 0.28575516]
 [0.33543021 0.49477728 0.1697925 ]
 [0.47027936 0.39145723 0.13826341]
 [0.62371173 0.29836895 0.07791932]
 [0.48214339 0.40133276 0.11652385]
 [0.17080548 0.69086665 0.13832787]
 [0.11701956 0.68563901 0.19734143]
 [0.15446201 0.60614149 0.2393965 ]
 [0.64602343 0.31648247 0.03749411]
 [0.36010835 0.57211268 0.06777897]
 [0.21877728 0.59673873 0.18448399]
 [0.11922451 0.62931535 0.25146014]
 [0.20958853 0.66595237 0.1244591 ]
 [0.34554157 0.49010143 0.164357  ]
 [0.36010835 0.57211268 0.06777897]
 [0.12416261 0.72749145 0.14834594]
 [0.30071622 0.62521385 0.07406993]
 [0.34554157 0.49010143 0.164357  ]
 [0.12820247 0.67859735 0.19320018]
 [0.25203685 0.45505772 0.29290544]
 [0.14804233 0.66282614 0.18913153]
 [0.37851968 0.54175452 0.0797258 ]
 [0.68840079 0.26859853 0.04300068]
 [0.1890536  0.5367398  0.2742066 ]
 [0.14454562 0.52195691 0.33349747]
 [0.1413881  0.64261525 0.21599665]
 [0.36010835 0.57211268 0.06777897]
 [0.29149056 0.4875615  0.22094793]
 [0.1319429  0.52739621 0.34066089]
 [0.12495746 0.66142101 0.21362153]
 [0.13400047 0.55683195 0.30916757]
 [0.11820458 0.60410275 0.27769267]
 [0.16757636 0.66212409 0.17029955]
 [0.11206269 0.65659582 0.23134149]
 [0.12820247 0.67859735 0.19320018]
 [0.13697494 0.72503152 0.13799354]
 [0.12552757 0.73548902 0.13898341]
 [0.58627003 0.36530024 0.04842972]
 [0.11267541 0.59641005 0.29091454]
 [0.62265253 0.3179299  0.05941757]
 [0.33783019 0.53671882 0.12545099]
 [0.17460233 0.55478623 0.27061144]
 [0.14910443 0.59599351 0.25490206]
 [0.13811539 0.61838048 0.24350413]
 [0.11150368 0.65332044 0.23517588]
 [0.26589772 0.48008381 0.25401847]
 [0.2710057  0.46683013 0.26216416]
 [0.19562832 0.44659082 0.35778086]
 [0.30490236 0.43209272 0.26300491]
 [0.14816765 0.53503613 0.31679622]
 [0.15735781 0.54255633 0.30008586]
 [0.19781495 0.61589108 0.18629398]
 [0.12555239 0.66271644 0.21173117]
 [0.14147498 0.49325341 0.36527161]
 [0.69618374 0.27163526 0.032181  ]
 [0.19637659 0.46171047 0.34191294]
 [0.32572391 0.54873667 0.12553943]
 [0.20154323 0.60851529 0.18994148]
 [0.2528939  0.4703039  0.2768022 ]
 [0.58616933 0.30087025 0.11296042]
 [0.37851968 0.54175452 0.0797258 ]
 [0.14622353 0.47567758 0.37809889]
 [0.36185902 0.51790903 0.12023195]
 [0.47430694 0.45677929 0.06891378]
 [0.14147498 0.49325341 0.36527161]
 [0.16378605 0.57784159 0.25837235]
 [0.26615691 0.50210867 0.23173443]
 [0.158291   0.51493409 0.32677491]
