Model,n Selected,Method,best_params,Best Accuracy,Train Accuracy,Test Accuracy,Precision,Recall,MCC,F1,conf_mat,Prediction,predict_proba,Features,estimator,classification_report,Train Time CPU,Train Time Wall,n_iter
CatBoost,57,SFS - Ridge,"{'random_strength': 0, 'min_data_in_leaf': 5, 'learning_rate': 0.1, 'l2_leaf_reg': 0, 'iterations': 100, 'depth': 3}",0.6232320757798464,0.7305236270753512,0.6428571428571429,0.675100761307658,0.6428571428571429,0.3798355819719423,0.5945013979496737,"[[22 22  1]
 [ 6 96  2]
 [ 1 38  8]]","[[1]
 [1]
 [1]
 [1]
 [1]
 [1]
 [1]
 [1]
 [1]
 [1]
 [2]
 [1]
 [1]
 [0]
 [1]
 [1]
 [0]
 [1]
 [1]
 [1]
 [0]
 [2]
 [0]
 [1]
 [2]
 [1]
 [1]
 [1]
 [1]
 [1]
 [1]
 [0]
 [0]
 [1]
 [1]
 [1]
 [1]
 [1]
 [0]
 [1]
 [1]
 [1]
 [1]
 [1]
 [1]
 [1]
 [1]
 [1]
 [1]
 [1]
 [1]
 [1]
 [2]
 [1]
 [1]
 [1]
 [1]
 [1]
 [1]
 [1]
 [1]
 [1]
 [1]
 [1]
 [1]
 [1]
 [1]
 [1]
 [1]
 [2]
 [0]
 [1]
 [1]
 [1]
 [1]
 [1]
 [0]
 [1]
 [1]
 [1]
 [1]
 [1]
 [1]
 [1]
 [1]
 [1]
 [0]
 [1]
 [1]
 [1]
 [1]
 [1]
 [1]
 [0]
 [2]
 [0]
 [0]
 [1]
 [1]
 [1]
 [0]
 [1]
 [1]
 [1]
 [1]
 [0]
 [0]
 [1]
 [1]
 [0]
 [1]
 [1]
 [0]
 [1]
 [1]
 [1]
 [1]
 [1]
 [1]
 [1]
 [0]
 [2]
 [1]
 [1]
 [0]
 [1]
 [1]
 [2]
 [1]
 [1]
 [2]
 [2]
 [1]
 [1]
 [1]
 [1]
 [1]
 [1]
 [0]
 [1]
 [1]
 [1]
 [1]
 [1]
 [1]
 [0]
 [1]
 [1]
 [1]
 [1]
 [1]
 [1]
 [1]
 [0]
 [1]
 [1]
 [1]
 [1]
 [1]
 [1]
 [1]
 [1]
 [1]
 [0]
 [1]
 [1]
 [1]
 [2]
 [1]
 [1]
 [1]
 [0]
 [1]
 [1]
 [1]
 [1]
 [0]
 [0]
 [1]
 [1]
 [1]
 [0]
 [1]
 [1]
 [1]
 [1]
 [1]
 [1]
 [1]
 [0]
 [1]
 [1]
 [1]
 [1]
 [1]
 [1]]","[[0.14131726 0.747361   0.11132173]
 [0.27283294 0.50947334 0.21769372]
 [0.19892305 0.68875872 0.11231823]
 [0.20891442 0.54847109 0.2426145 ]
 [0.0951088  0.58479655 0.32009465]
 [0.13412229 0.58205179 0.28382591]
 [0.04122655 0.74326495 0.2155085 ]
 [0.08923242 0.66034492 0.25042266]
 [0.09751516 0.68160183 0.22088301]
 [0.16677216 0.59183994 0.2413879 ]
 [0.07680815 0.44337538 0.47981647]
 [0.08289661 0.55899637 0.35810702]
 [0.12444889 0.64403125 0.23151985]
 [0.5371484  0.37096293 0.09188867]
 [0.07868909 0.65540368 0.26590723]
 [0.25141552 0.48652131 0.26206317]
 [0.7854121  0.18963476 0.02495314]
 [0.16298917 0.67641919 0.16059163]
 [0.08913804 0.61700203 0.29385993]
 [0.37734884 0.5792995  0.04335166]
 [0.63919476 0.2978518  0.06295343]
 [0.08941686 0.44623144 0.4643517 ]
 [0.41834718 0.28843696 0.29321586]
 [0.10258854 0.71290966 0.1845018 ]
 [0.0886156  0.43326201 0.47812239]
 [0.22943265 0.48750775 0.2830596 ]
 [0.11301928 0.53617667 0.35080405]
 [0.11477688 0.68880074 0.19642237]
 [0.12724177 0.54731289 0.32544533]
 [0.07463336 0.67043816 0.25492847]
 [0.08010295 0.64226089 0.27763616]
 [0.84162584 0.13246613 0.02590803]
 [0.40162139 0.33018588 0.26819273]
 [0.10045519 0.50631478 0.39323003]
 [0.11892948 0.45045615 0.43061437]
 [0.36611356 0.48989132 0.14399512]
 [0.07185128 0.66327935 0.26486937]
 [0.11245422 0.62037999 0.26716579]
 [0.86211285 0.09960027 0.03828688]
 [0.26679062 0.58030264 0.15290675]
 [0.11424968 0.59235276 0.29339756]
 [0.12358499 0.68167569 0.19473933]
 [0.29515286 0.47363099 0.23121614]
 [0.18608093 0.69322101 0.12069806]
 [0.16390523 0.71054765 0.12554712]
 [0.0850492  0.45865532 0.45629548]
 [0.17834699 0.64861089 0.17304212]
 [0.2527489  0.63179798 0.11545312]
 [0.12820384 0.66926744 0.20252872]
 [0.12047129 0.6584354  0.22109331]
 [0.15046659 0.56181437 0.28771904]
 [0.08255563 0.59174216 0.32570222]
 [0.11605129 0.42410464 0.45984407]
 [0.08866196 0.5473124  0.36402564]
 [0.09908116 0.60005713 0.30086171]
 [0.22201898 0.65885473 0.11912629]
 [0.11409453 0.65874777 0.2271577 ]
 [0.11028372 0.77485759 0.11485868]
 [0.10344638 0.64587933 0.25067429]
 [0.22028833 0.55693557 0.22277609]
 [0.1065881  0.51967247 0.37373943]
 [0.1128158  0.50338507 0.38379913]
 [0.13391952 0.49275276 0.37332772]
 [0.07712794 0.66618679 0.25668527]
 [0.12382764 0.541758   0.33441436]
 [0.12445863 0.5642774  0.31126397]
 [0.13791626 0.56498365 0.29710009]
 [0.09066524 0.54455765 0.3647771 ]
 [0.06421796 0.73831228 0.19746976]
 [0.10157467 0.43857782 0.45984751]
 [0.54073266 0.32703113 0.13223621]
 [0.06979992 0.74347998 0.1867201 ]
 [0.1452954  0.65923449 0.19547011]
 [0.13288283 0.48259283 0.38452434]
 [0.08641162 0.65198622 0.26160216]
 [0.10271355 0.5454524  0.35183405]
 [0.84548788 0.12820036 0.02631176]
 [0.14152244 0.66269632 0.19578124]
 [0.11530895 0.57385577 0.31083528]
 [0.15405073 0.54504632 0.30090295]
 [0.19452125 0.65450689 0.15097187]
 [0.08918013 0.57464819 0.33617169]
 [0.16239644 0.63717252 0.20043104]
 [0.11802674 0.69070095 0.19127231]
 [0.09123897 0.61676457 0.29199646]
 [0.14717047 0.50458508 0.34824445]
 [0.89432831 0.08643023 0.01924146]
 [0.20766711 0.5835054  0.20882749]
 [0.14756019 0.7587469  0.09369291]
 [0.12685434 0.68713723 0.18600843]
 [0.09337718 0.69255365 0.21406918]
 [0.21732223 0.59588487 0.1867929 ]
 [0.22220711 0.72118047 0.05661242]
 [0.62051721 0.28343826 0.09604453]
 [0.1219955  0.39704148 0.48096301]
 [0.92346565 0.06285993 0.01367441]
 [0.72834303 0.22358419 0.04807278]
 [0.08519094 0.56174734 0.35306172]
 [0.0886818  0.51914529 0.39217292]
 [0.25284862 0.55498834 0.19216304]
 [0.75657471 0.19233869 0.05108659]
 [0.09273125 0.61833346 0.28893529]
 [0.21721979 0.59006119 0.19271902]
 [0.07256949 0.73426331 0.1931672 ]
 [0.15999392 0.62958917 0.21041691]
 [0.5632293  0.27961028 0.15716042]
 [0.83110289 0.13700395 0.03189316]
 [0.21672797 0.56055288 0.22271915]
 [0.14143142 0.54678461 0.31178397]
 [0.76481568 0.19755733 0.03762699]
 [0.12200755 0.44604567 0.43194678]
 [0.11184318 0.50937814 0.37877868]
 [0.82197852 0.15506962 0.02295186]
 [0.1130095  0.63285181 0.2541387 ]
 [0.10826052 0.55704223 0.33469725]
 [0.25102703 0.57885647 0.1701165 ]
 [0.13051399 0.49655918 0.37292683]
 [0.12865076 0.6900251  0.18132414]
 [0.09358495 0.72553804 0.18087701]
 [0.2205591  0.46271205 0.31672886]
 [0.87137062 0.11301891 0.01561048]
 [0.08097624 0.4492577  0.46976606]
 [0.15533861 0.67891282 0.16574858]
 [0.13215987 0.50767177 0.36016836]
 [0.77929192 0.18306247 0.03764562]
 [0.15926558 0.62472215 0.21601226]
 [0.08599098 0.71841626 0.19559276]
 [0.11541481 0.38609867 0.49848652]
 [0.13058778 0.61887494 0.25053729]
 [0.16759458 0.64331414 0.18909128]
 [0.08185687 0.41685686 0.50128627]
 [0.08959417 0.42131981 0.48908601]
 [0.08909664 0.59487659 0.31602677]
 [0.18452227 0.46239284 0.35308489]
 [0.29824669 0.50679177 0.19496155]
 [0.14732795 0.45725262 0.39541942]
 [0.09356016 0.67530645 0.23113339]
 [0.17031987 0.55297884 0.27670129]
 [0.70364065 0.26924454 0.02711481]
 [0.14390912 0.67027682 0.18581406]
 [0.07386534 0.68747004 0.23866462]
 [0.2573004  0.66597685 0.07672275]
 [0.12735886 0.56999325 0.30264788]
 [0.0827084  0.58876241 0.32852918]
 [0.10056587 0.59422115 0.30521298]
 [0.72521824 0.23785045 0.03693131]
 [0.09215684 0.64309049 0.26475267]
 [0.11408704 0.57791297 0.30799998]
 [0.12060373 0.48848414 0.39091213]
 [0.14153136 0.71273161 0.14573703]
 [0.10043968 0.49275237 0.40680795]
 [0.11410006 0.49576204 0.3901379 ]
 [0.1009699  0.71579402 0.18323608]
 [0.61222064 0.32610513 0.06167423]
 [0.10206321 0.52292489 0.37501189]
 [0.0964786  0.55265794 0.35086346]
 [0.24431106 0.67573183 0.07995711]
 [0.39066039 0.56213234 0.04720726]
 [0.09385592 0.59676572 0.30937836]
 [0.18971062 0.71981405 0.09047533]
 [0.1365194  0.67004228 0.19343832]
 [0.15546281 0.76691847 0.07761872]
 [0.10210891 0.69241783 0.20547326]
 [0.8338309  0.14164838 0.02452072]
 [0.0882053  0.55757454 0.35422016]
 [0.09242368 0.50685553 0.40072079]
 [0.12858977 0.69521119 0.17619904]
 [0.09833771 0.35855394 0.54310835]
 [0.32728539 0.56958169 0.10313292]
 [0.1461603  0.53821637 0.31562333]
 [0.17114774 0.64261817 0.18623409]
 [0.52231947 0.37794323 0.0997373 ]
 [0.36391365 0.5305588  0.10552755]
 [0.0794927  0.69197307 0.22853423]
 [0.09084941 0.57504046 0.33411013]
 [0.12659476 0.80797295 0.06543229]
 [0.92038738 0.06395355 0.01565906]
 [0.84236614 0.12802592 0.02960794]
 [0.15012866 0.58591485 0.26395649]
 [0.15085478 0.57218469 0.27696052]
 [0.08271838 0.55955954 0.35772208]
 [0.91665139 0.06820746 0.01514115]
 [0.1874141  0.60905934 0.20352657]
 [0.22218079 0.66375622 0.114063  ]
 [0.11847394 0.72306477 0.15846129]
 [0.08901274 0.65456601 0.25642125]
 [0.31251655 0.5943513  0.09313215]
 [0.27352473 0.49047627 0.23599899]
 [0.31041612 0.54625896 0.14332492]
 [0.83123398 0.13875238 0.03001364]
 [0.08312959 0.66491964 0.25195078]
 [0.25012058 0.50333504 0.24654437]
 [0.16877809 0.67039181 0.16083011]
 [0.10506652 0.69165352 0.20327995]
 [0.11083263 0.5959895  0.29317788]
 [0.28733667 0.5466191  0.16604424]]","['Labor Force Diff', 'Unemployed Level Diff', 'Unemployed Rate Diff', 'CARES ESSER I 20', '% School-wide Title I 2020-2021', '% School-wide Title I 2018-2019', '% Title I Eligible School 2020-2021', '% Title I Eligible School 2018-2019', '% Free Lunch 2020-2021', '% Free Lunch 2018-2019', '% Reduced-price Lunch 2018-2019', '% Hispanic Students 2020-2021', '% Hispanic Students 2018-2019', '% Black or African American Students 2020-2021', '% Black or African American Students 2018-2019', '% White Students 2020-2021', '% White Students 2018-2019', '% Grades 1-8 2020-2021', '% Grades 1-8 2018-2019', '% Grades 9-12 2020-2021', '% Grades 9-12 2018-2019', '% Prek 2018-2019', '% ADA 2018-2019', '% Students Tested Reading - Grade 5 2018-2019', '% Students Tested Reading - Grade 6 2018-2019', '% Students Tested Reading - Grade 7 2018-2019', '% Students Tested Reading - Grade 3 2020-2021', '% Students Tested Reading - Grade 4 2020-2021', '% Students Tested Reading - Grade 5 2020-2021', 'Average Score Reading All Grade 4 2018-2019', 'Average Score Reading All Grade 6 2018-2019', 'Average Score Reading All Grade 7 2018-2019', 'Average Score Reading All Grade 8 2018-2019', '% County Deaths 01/29/21', '% On Campus 09/28/20', '% On Campus 10/30/20', '% On Campus 01/29/21', '% White Pop 10', '% Hispanic Pop 10', '% Age 0-4 Pop 10', '% Age 5-9 Pop 10', '% Age 10-14 Pop 10', '% Age 20-24 Pop 10', '% Age 45-54 Pop 10', '% HH 1 Female 10', '% HH Male-Child 10', 'Total Schools Diff', '% Operational Schools Diff', 'Locale_12-City: Mid-size', 'Locale_13-City: Small', 'Locale_21-Suburb: Large', 'Locale_22-Suburb: Mid-size', 'Locale_23-Suburb: Small', 'Locale_31-Town: Fringe', 'Locale_32-Town: Distant', 'Locale_41-Rural: Fringe', 'Locale_43-Rural: Remote']",<catboost.core.CatBoostClassifier object at 0x000002A4AE0BFB50>,"              precision    recall  f1-score   support

           0       0.76      0.49      0.59        45
           1       0.62      0.92      0.74       104
           2       0.73      0.17      0.28        47

    accuracy                           0.64       196
   macro avg       0.70      0.53      0.54       196
weighted avg       0.68      0.64      0.59       196
",3.0,875.5916674137115,100
CatBoost,114,No Reduction,"{'random_strength': 0, 'min_data_in_leaf': 10, 'learning_rate': 0.01, 'l2_leaf_reg': 0.1, 'iterations': 200, 'depth': 6}",0.6168299853013229,0.7803320561941252,0.6275510204081632,0.6872586459733594,0.6275510204081632,0.35707326309317544,0.5536461817199204,"[[21 24  0]
 [ 4 99  1]
 [ 0 44  3]]","[[1]
 [1]
 [1]
 [1]
 [1]
 [1]
 [1]
 [1]
 [1]
 [1]
 [1]
 [1]
 [1]
 [0]
 [1]
 [1]
 [0]
 [1]
 [1]
 [1]
 [0]
 [1]
 [1]
 [1]
 [1]
 [1]
 [1]
 [1]
 [1]
 [1]
 [1]
 [0]
 [1]
 [1]
 [1]
 [1]
 [1]
 [1]
 [0]
 [1]
 [1]
 [1]
 [1]
 [1]
 [1]
 [2]
 [1]
 [1]
 [1]
 [1]
 [1]
 [1]
 [1]
 [1]
 [1]
 [1]
 [1]
 [1]
 [1]
 [1]
 [1]
 [1]
 [1]
 [1]
 [1]
 [1]
 [1]
 [1]
 [1]
 [2]
 [1]
 [1]
 [1]
 [1]
 [1]
 [1]
 [0]
 [1]
 [1]
 [1]
 [1]
 [1]
 [1]
 [1]
 [1]
 [1]
 [0]
 [1]
 [1]
 [1]
 [1]
 [1]
 [1]
 [0]
 [2]
 [0]
 [0]
 [1]
 [1]
 [1]
 [0]
 [1]
 [1]
 [1]
 [1]
 [1]
 [0]
 [1]
 [1]
 [0]
 [1]
 [1]
 [0]
 [1]
 [1]
 [1]
 [1]
 [1]
 [1]
 [1]
 [0]
 [1]
 [1]
 [1]
 [0]
 [1]
 [1]
 [1]
 [1]
 [1]
 [1]
 [2]
 [1]
 [1]
 [1]
 [1]
 [1]
 [1]
 [0]
 [1]
 [1]
 [1]
 [1]
 [1]
 [1]
 [0]
 [1]
 [1]
 [1]
 [1]
 [1]
 [1]
 [1]
 [0]
 [1]
 [1]
 [1]
 [1]
 [1]
 [1]
 [1]
 [1]
 [1]
 [0]
 [1]
 [1]
 [1]
 [1]
 [1]
 [1]
 [1]
 [0]
 [1]
 [1]
 [1]
 [1]
 [0]
 [0]
 [1]
 [1]
 [1]
 [0]
 [1]
 [1]
 [1]
 [1]
 [1]
 [1]
 [1]
 [0]
 [1]
 [1]
 [1]
 [1]
 [1]
 [1]]","[[0.1583104  0.64284031 0.19884929]
 [0.13912861 0.62614826 0.23472312]
 [0.23133596 0.58093799 0.18772605]
 [0.22644394 0.49652562 0.27703044]
 [0.1311613  0.6247445  0.2440942 ]
 [0.1567934  0.55812575 0.28508085]
 [0.11697725 0.60604239 0.27698036]
 [0.1327951  0.62924876 0.23795614]
 [0.16354731 0.54795407 0.28849861]
 [0.17009076 0.57405276 0.25585648]
 [0.13510012 0.54124181 0.32365807]
 [0.12744224 0.57249381 0.30006395]
 [0.12362334 0.62183083 0.25454583]
 [0.40569045 0.38470182 0.20960773]
 [0.14370859 0.52431139 0.33198002]
 [0.18617922 0.48361267 0.33020811]
 [0.61695771 0.30071889 0.0823234 ]
 [0.15945592 0.61074509 0.229799  ]
 [0.15027941 0.5548922  0.29482839]
 [0.44989823 0.46125776 0.08884401]
 [0.54285794 0.34423331 0.11290876]
 [0.14132764 0.43586871 0.42280364]
 [0.31103349 0.40347735 0.28548916]
 [0.13926682 0.66313758 0.1975956 ]
 [0.15673934 0.45805083 0.38520983]
 [0.22989658 0.45235563 0.31774779]
 [0.1595436  0.55014101 0.29031539]
 [0.13854289 0.63811743 0.22333968]
 [0.18151097 0.53723533 0.28125371]
 [0.12250606 0.58429444 0.2931995 ]
 [0.12490541 0.66299979 0.21209481]
 [0.79530578 0.14927705 0.05541717]
 [0.39048446 0.43407045 0.17544509]
 [0.20748956 0.48856413 0.3039463 ]
 [0.15806644 0.52158232 0.32035125]
 [0.37700354 0.46767115 0.15532532]
 [0.12816885 0.59898543 0.27284572]
 [0.15752258 0.53753057 0.30494685]
 [0.75392412 0.1787168  0.06735908]
 [0.2405339  0.57851462 0.18095148]
 [0.14801581 0.56205053 0.28993365]
 [0.17668901 0.58037856 0.24293242]
 [0.20462344 0.6131856  0.18219096]
 [0.22621287 0.60410689 0.16968024]
 [0.1589083  0.63883145 0.20226025]
 [0.19192748 0.40118168 0.40689084]
 [0.23553769 0.5259693  0.23849301]
 [0.25181356 0.56474758 0.18343887]
 [0.17347234 0.53174322 0.29478444]
 [0.16040664 0.61851624 0.22107712]
 [0.19197671 0.50465489 0.3033684 ]
 [0.12513357 0.53932705 0.33553938]
 [0.16216916 0.44246969 0.39536115]
 [0.14386023 0.56297923 0.29316054]
 [0.13447966 0.60181308 0.26370726]
 [0.24712545 0.58639007 0.16648448]
 [0.13903671 0.63799219 0.2229711 ]
 [0.1462844  0.69127298 0.16244263]
 [0.11948184 0.6498893  0.23062887]
 [0.20447833 0.58668156 0.20884011]
 [0.16115158 0.50319384 0.33565458]
 [0.14640163 0.51800409 0.33559428]
 [0.23107355 0.45577105 0.31315539]
 [0.11634251 0.61156944 0.27208805]
 [0.1649429  0.46791549 0.36714162]
 [0.13988705 0.58915937 0.27095357]
 [0.15008453 0.53960942 0.31030605]
 [0.14699534 0.55169802 0.30130664]
 [0.16109322 0.5073804  0.33152638]
 [0.19125868 0.38469058 0.42405074]
 [0.3355708  0.43106305 0.23336614]
 [0.13648794 0.621487   0.24202506]
 [0.1655267  0.62469129 0.20978201]
 [0.17130737 0.46923158 0.35946105]
 [0.13374446 0.57171054 0.294545  ]
 [0.13870497 0.53940984 0.32188519]
 [0.76709039 0.16056667 0.07234294]
 [0.16791287 0.52922296 0.30286417]
 [0.14100587 0.57789003 0.2811041 ]
 [0.20094796 0.48356227 0.31548977]
 [0.15817425 0.66293951 0.17888624]
 [0.13629786 0.55490907 0.30879308]
 [0.15800812 0.55087469 0.29111718]
 [0.16415065 0.59988302 0.23596633]
 [0.18949998 0.49532702 0.31517299]
 [0.16782877 0.52148272 0.31068851]
 [0.80857799 0.1307217  0.06070031]
 [0.23655646 0.55730956 0.20613398]
 [0.17539306 0.68105856 0.14354838]
 [0.16395224 0.62113273 0.21491503]
 [0.14208957 0.5979498  0.25996064]
 [0.17579599 0.57358375 0.25062026]
 [0.28567742 0.59015368 0.1241689 ]
 [0.61481016 0.27293591 0.11225393]
 [0.13382071 0.42575739 0.44042189]
 [0.79906006 0.13104726 0.06989269]
 [0.68134632 0.24315786 0.07549582]
 [0.12999426 0.55175998 0.31824576]
 [0.13870197 0.49180591 0.36949212]
 [0.24262182 0.53793505 0.21944312]
 [0.53093505 0.33302193 0.13604302]
 [0.13226691 0.62095794 0.24677515]
 [0.22440098 0.57051851 0.20508051]
 [0.17328766 0.51754548 0.30916686]
 [0.20434597 0.57077218 0.22488185]
 [0.38304452 0.43350005 0.18345544]
 [0.59529587 0.28147216 0.12323197]
 [0.26947196 0.45078661 0.27974143]
 [0.16822936 0.49879643 0.33297421]
 [0.71550056 0.211089   0.07341044]
 [0.13883582 0.48608459 0.37507959]
 [0.15641854 0.53226245 0.31131901]
 [0.70697466 0.21772304 0.0753023 ]
 [0.14606586 0.56442702 0.28950712]
 [0.13187454 0.54651036 0.3216151 ]
 [0.24851248 0.52653397 0.22495355]
 [0.17458658 0.51257832 0.3128351 ]
 [0.14635875 0.64154856 0.21209269]
 [0.16211844 0.55376364 0.28411792]
 [0.16087521 0.54440686 0.29471794]
 [0.75158906 0.18192162 0.06648932]
 [0.13139368 0.60360221 0.2650041 ]
 [0.14287092 0.62748151 0.22964757]
 [0.17282544 0.54238274 0.28479182]
 [0.71388105 0.19429392 0.09182503]
 [0.18575588 0.51213013 0.30211399]
 [0.14630928 0.61743851 0.23625221]
 [0.1559445  0.49321926 0.35083624]
 [0.16912359 0.5508878  0.27998861]
 [0.19993481 0.6129493  0.18711589]
 [0.14947709 0.48976384 0.36075907]
 [0.17276545 0.4085342  0.41870035]
 [0.12206215 0.59747377 0.28046408]
 [0.17458735 0.524102   0.30131065]
 [0.31403733 0.47674755 0.20921512]
 [0.17119092 0.48458983 0.34421926]
 [0.13315437 0.64699477 0.21985085]
 [0.16118554 0.57421741 0.26459705]
 [0.60573076 0.31857032 0.07569892]
 [0.21191741 0.56502694 0.22305565]
 [0.16385711 0.52411556 0.31202732]
 [0.20658557 0.64394169 0.14947274]
 [0.16667126 0.48703994 0.3462888 ]
 [0.12205468 0.62234864 0.25559668]
 [0.18272507 0.51159689 0.30567803]
 [0.61885156 0.29796979 0.08317865]
 [0.13650472 0.59713427 0.26636101]
 [0.15040563 0.53841092 0.31118346]
 [0.16487957 0.48956586 0.34555457]
 [0.15742703 0.63094268 0.21163028]
 [0.17551515 0.4128537  0.41163115]
 [0.17136656 0.44164331 0.38699012]
 [0.13337135 0.67458118 0.19204747]
 [0.50088946 0.36373622 0.13537432]
 [0.14292406 0.54783777 0.30923817]
 [0.12621857 0.60667121 0.26711021]
 [0.21738213 0.61714931 0.16546857]
 [0.34354963 0.56282216 0.0936282 ]
 [0.14281865 0.56067782 0.29650354]
 [0.2021154  0.65472668 0.14315792]
 [0.16442123 0.60114958 0.23442919]
 [0.17972023 0.69346018 0.12681959]
 [0.14184166 0.62671858 0.23143976]
 [0.77449334 0.15703697 0.06846969]
 [0.15253135 0.4997968  0.34767185]
 [0.18270298 0.43413128 0.38316574]
 [0.14797684 0.57127297 0.28075019]
 [0.17331594 0.41971709 0.40696697]
 [0.24599218 0.57325391 0.18075391]
 [0.16641011 0.52421078 0.3093791 ]
 [0.19820346 0.60468274 0.1971138 ]
 [0.63044873 0.26521792 0.10433335]
 [0.24256365 0.55258807 0.20484828]
 [0.12192244 0.59432902 0.28374854]
 [0.15702972 0.53724848 0.3057218 ]
 [0.18872968 0.67264093 0.13862939]
 [0.79750703 0.14005271 0.06244025]
 [0.76499242 0.16917092 0.06583666]
 [0.14501643 0.56293447 0.29204911]
 [0.16690827 0.55631697 0.27677476]
 [0.11840481 0.56045254 0.32114265]
 [0.79738108 0.13343373 0.06918519]
 [0.16756775 0.52202332 0.31040893]
 [0.26405366 0.4795739  0.25637243]
 [0.15135698 0.62983101 0.21881201]
 [0.16290618 0.59766896 0.23942487]
 [0.21706421 0.63280197 0.15013382]
 [0.30418785 0.4566921  0.23912005]
 [0.23182605 0.48730201 0.28087195]
 [0.77999184 0.14989479 0.07011337]
 [0.15587035 0.54615915 0.2979705 ]
 [0.24482104 0.45442472 0.30075424]
 [0.16054684 0.65043428 0.18901887]
 [0.12792132 0.65449433 0.21758435]
 [0.11543122 0.55869246 0.32587632]
 [0.27990165 0.45262541 0.26747294]]","['Total Students 2018-2019', 'Total Students 2020-2021', 'Labor Force Diff', 'Employed Diff', 'Unemployed Level Diff', 'Unemployed Rate Diff', 'Median Age 10', 'Median Age Male 10', 'Median Age Female 10', '# of Households 10', 'Avg Household Size 10', '# of Families 10', 'Avg Family Size 10', '# of Housing Units 10', 'County Population', 'CARES ESSER I 20', '% School-wide Title I 2020-2021', '% School-wide Title I 2018-2019', '% Title I Eligible School 2020-2021', '% Title I Eligible School 2018-2019', 'Teachers:Students 2020-2021', 'Teachers:Students 2018-2019', 'Staff:Students 2020-2021', 'Staff:Students 2018-2019', '% Free Lunch 2020-2021', '% Free Lunch 2018-2019', '% Reduced-price Lunch 2020-2021', '% Reduced-price Lunch 2018-2019', '% Asian or Asian/Pacific Islander Students 2020-2021', '% Asian or Asian/Pacific Islander Students 2018-2019', '% Hispanic Students 2020-2021', '% Hispanic Students 2018-2019', '% Black or African American Students 2020-2021', '% Black or African American Students 2018-2019', '% White Students 2020-2021', '% White Students 2018-2019', '% Grades 1-8 2020-2021', '% Grades 1-8 2018-2019', '% Grades 9-12 2020-2021', '% Grades 9-12 2018-2019', '% Prek 2020-2021', '% Prek 2018-2019', '% K 2020-2021', '% K 2018-2019', '% ADA 2018-2019', '% ADA 2020-2021', '% Students Tested Reading - Grade 3 2018-2019', '% Students Tested Reading - Grade 4 2018-2019', '% Students Tested Reading - Grade 5 2018-2019', '% Students Tested Reading - Grade 6 2018-2019', '% Students Tested Reading - Grade 7 2018-2019', '% Students Tested Reading - Grade 8 2018-2019', '% Students Tested Reading - Grade 3 2020-2021', '% Students Tested Reading - Grade 4 2020-2021', '% Students Tested Reading - Grade 5 2020-2021', '% Students Tested Reading - Grade 6 2020-2021', '% Students Tested Reading - Grade 7 2020-2021', '% Students Tested Reading - Grade 8 2020-2021', 'Average Score Reading All Grade 3 2018-2019', 'Average Score Reading All Grade 4 2018-2019', 'Average Score Reading All Grade 5 2018-2019', 'Average Score Reading All Grade 6 2018-2019', 'Average Score Reading All Grade 7 2018-2019', 'Average Score Reading All Grade 8 2018-2019', '% County Infected 09/28/20', '% County Deaths 09/28/20', '% County Infected 10/30/20', '% County Deaths 10/30/20', '% County Infected 01/29/21', '% County Deaths 01/29/21', '% On Campus 09/28/20', '% On Campus 10/30/20', '% On Campus 01/29/21', '% White Pop 10', '% Black Pop 10', '% Asian Pop 10', '% Hispanic Pop 10', '% Male Pop 10', '% Female Pop 10', '% Age 0-4 Pop 10', '% Age 5-9 Pop 10', '% Age 10-14 Pop 10', '% Age 15-19 Pop 10', '% Age 20-24 Pop 10', '% Age 25-34 Pop 10', '% Age 35-44 Pop 10', '% Age 45-54 Pop 10', '% Age 55-64 Pop 10', '% Age 65-74 Pop 10', '% Age 75-84 Pop 10', '% Age 85-Up Pop 10', '% HH 1 Male 10', '% HH 1 Female 10', '% HH Married-Child 10', '% HH Married-noChild 10', '% HH Male-Child 10', '% HH Female-Child 10', '% Housing Vacant 10', '% Housing Owner Occup 10', '% Housing Renter Occup 10', 'Total Schools Diff', '% Operational Schools Diff', 'Locale_11-City: Large', 'Locale_12-City: Mid-size', 'Locale_13-City: Small', 'Locale_21-Suburb: Large', 'Locale_22-Suburb: Mid-size', 'Locale_23-Suburb: Small', 'Locale_31-Town: Fringe', 'Locale_32-Town: Distant', 'Locale_33-Town: Remote', 'Locale_41-Rural: Fringe', 'Locale_42-Rural: Distant', 'Locale_43-Rural: Remote']",<catboost.core.CatBoostClassifier object at 0x000002A4B05CE920>,"              precision    recall  f1-score   support

           0       0.84      0.47      0.60        45
           1       0.59      0.95      0.73       104
           2       0.75      0.06      0.12        47

    accuracy                           0.63       196
   macro avg       0.73      0.49      0.48       196
weighted avg       0.69      0.63      0.55       196
",36.28125,1920.4441130161285,100
HistGB,57,SFS - KNN,"{'min_samples_leaf': 30, 'max_leaf_nodes': 10, 'max_iter': 50, 'max_depth': 1, 'learning_rate': 0.1, 'l2_regularization': 0}",0.6052833578311285,0.6615581098339719,0.6275510204081632,0.6866233016117499,0.6275510204081632,0.34923170803538167,0.5692265245768776,"[[21 24  0]
 [ 7 96  1]
 [ 2 39  6]]","[1 1 1 1 1 1 1 1 1 1 1 1 1 0 1 1 0 1 1 1 0 1 0 1 1 1 1 1 1 1 1 0 1 2 1 1 1
 1 0 1 1 1 1 1 1 1 1 1 1 1 1 1 1 1 1 1 1 1 1 1 1 1 1 1 1 1 1 1 1 2 0 1 1 1
 1 1 0 1 1 1 1 1 1 1 1 1 0 1 1 1 1 1 1 0 1 0 0 1 1 1 0 1 1 1 1 1 0 2 1 0 2
 1 0 1 1 1 1 1 1 1 0 1 1 1 0 1 1 2 1 1 1 2 1 1 1 1 1 1 0 1 1 1 1 1 1 0 1 1
 1 1 2 1 1 0 1 1 1 1 1 1 1 1 1 0 1 1 1 1 1 1 1 0 1 1 1 1 0 0 1 1 1 0 1 0 1
 1 1 1 1 0 1 0 1 1 1 0]","[[0.09096142 0.73546706 0.17357152]
 [0.07969457 0.75846153 0.1618439 ]
 [0.29346006 0.6418355  0.06470445]
 [0.19368687 0.45389349 0.35241964]
 [0.12504509 0.63700752 0.23794739]
 [0.11254344 0.60912744 0.27832912]
 [0.0588579  0.61561477 0.32552733]
 [0.10329884 0.66349086 0.2332103 ]
 [0.05245183 0.70639339 0.24115478]
 [0.14411144 0.57158985 0.28429872]
 [0.09475218 0.6143637  0.29088411]
 [0.0688511  0.67312584 0.25802307]
 [0.10090869 0.6481389  0.25095241]
 [0.5108925  0.34810042 0.14100708]
 [0.07834694 0.71856498 0.20308808]
 [0.20402072 0.46342789 0.33255139]
 [0.70713602 0.23696941 0.05589458]
 [0.14827763 0.60648684 0.24523553]
 [0.06982379 0.55990484 0.37027137]
 [0.40099597 0.55978714 0.03921689]
 [0.67485859 0.2688332  0.05630821]
 [0.07097449 0.49746793 0.43155758]
 [0.44784438 0.23602644 0.31612918]
 [0.10039361 0.71721669 0.18238969]
 [0.05088715 0.49267475 0.45643809]
 [0.14512644 0.48728363 0.36758993]
 [0.1741578  0.45863838 0.36720382]
 [0.09583579 0.64327206 0.26089215]
 [0.12880618 0.70181681 0.16937702]
 [0.06172509 0.58628854 0.35198637]
 [0.10479431 0.70340375 0.19180194]
 [0.82343647 0.16896192 0.00760161]
 [0.42342623 0.48090972 0.09566405]
 [0.08837726 0.30720509 0.60441765]
 [0.13376511 0.53233502 0.33389987]
 [0.29142113 0.54149439 0.16708447]
 [0.07023699 0.62445763 0.30530538]
 [0.09874839 0.6635437  0.23770791]
 [0.70631838 0.2569521  0.03672952]
 [0.27426621 0.50800185 0.21773194]
 [0.06922817 0.62168299 0.30908884]
 [0.12831314 0.5948585  0.27682836]
 [0.17879724 0.65890612 0.16229664]
 [0.13348659 0.6678859  0.19862751]
 [0.10752376 0.80618924 0.086287  ]
 [0.09229338 0.46470115 0.44300547]
 [0.08605848 0.69803113 0.21591039]
 [0.15520692 0.72237139 0.12242169]
 [0.15961971 0.6203625  0.22001779]
 [0.10876476 0.69920985 0.19202539]
 [0.10035753 0.55021163 0.34943084]
 [0.06169224 0.51847985 0.41982791]
 [0.10814371 0.52895247 0.36290382]
 [0.10130064 0.62817009 0.27052927]
 [0.10470634 0.63493117 0.2603625 ]
 [0.31860997 0.49532923 0.18606079]
 [0.10955334 0.67740346 0.2130432 ]
 [0.12972645 0.81936178 0.05091176]
 [0.09183715 0.63090954 0.2772533 ]
 [0.19759579 0.49758132 0.30482289]
 [0.16299517 0.48393359 0.35307124]
 [0.070592   0.58663056 0.34277744]
 [0.17367321 0.49213633 0.33419047]
 [0.06841379 0.64000326 0.29158295]
 [0.07065441 0.61733833 0.31200725]
 [0.13028794 0.59214424 0.27756782]
 [0.08289609 0.57887375 0.33823016]
 [0.08255486 0.60297098 0.31447416]
 [0.11147655 0.53770242 0.35082103]
 [0.0791567  0.42361896 0.49722434]
 [0.40048872 0.38279093 0.21672036]
 [0.10586836 0.6772311  0.21690054]
 [0.12614983 0.68734336 0.18650681]
 [0.19114598 0.49874173 0.3101123 ]
 [0.14036275 0.60294157 0.25669568]
 [0.12501574 0.6094178  0.26556647]
 [0.82847001 0.13419692 0.03733307]
 [0.17389629 0.68878073 0.13732299]
 [0.08880737 0.57041185 0.34078078]
 [0.19274028 0.55877598 0.24848374]
 [0.10962239 0.77293094 0.11744667]
 [0.0769467  0.61641915 0.30663415]
 [0.12229982 0.66636608 0.2113341 ]
 [0.1214397  0.66245726 0.21610304]
 [0.16646515 0.53464047 0.29889438]
 [0.09017993 0.52093258 0.38888749]
 [0.89091702 0.10025636 0.00882662]
 [0.17144612 0.55342218 0.2751317 ]
 [0.15039855 0.76616368 0.08343777]
 [0.14978677 0.66903017 0.18118307]
 [0.11938956 0.59007596 0.29053449]
 [0.1260137  0.64908726 0.22489904]
 [0.31040889 0.60574262 0.0838485 ]
 [0.57969334 0.34053548 0.07977118]
 [0.09113817 0.548866   0.35999583]
 [0.9043322  0.08308606 0.01258174]
 [0.77383751 0.20545501 0.02070747]
 [0.05765528 0.62346876 0.31887596]
 [0.06401536 0.50034746 0.43563718]
 [0.28107421 0.5372531  0.18167268]
 [0.75209305 0.1803787  0.06752825]
 [0.06833406 0.6492105  0.28245543]
 [0.11315298 0.76725973 0.11958729]
 [0.09334112 0.4704328  0.43622608]
 [0.17152911 0.55320602 0.27526488]
 [0.43840809 0.46885596 0.09273595]
 [0.76633293 0.20013632 0.03353075]
 [0.29192381 0.31552062 0.39255557]
 [0.1417419  0.51163976 0.34661834]
 [0.73395018 0.23704865 0.02900116]
 [0.09860002 0.40443384 0.49696615]
 [0.13593068 0.60176918 0.26230014]
 [0.77672911 0.21005267 0.01321823]
 [0.08057001 0.51713122 0.40229877]
 [0.09538593 0.61152402 0.29309004]
 [0.18179881 0.61086907 0.20733212]
 [0.20016139 0.56180986 0.23802874]
 [0.1267655  0.64577166 0.22746283]
 [0.13235019 0.55052086 0.31712895]
 [0.09761581 0.61199442 0.29038977]
 [0.85643941 0.1291113  0.01444929]
 [0.06950711 0.70785982 0.22263308]
 [0.11033488 0.66692361 0.22274152]
 [0.14941393 0.55803223 0.29255384]
 [0.68242925 0.18479861 0.13277214]
 [0.1871093  0.62602466 0.18686604]
 [0.09035046 0.6489023  0.26074724]
 [0.08951237 0.44550948 0.46497815]
 [0.16999694 0.59948232 0.23052074]
 [0.1495821  0.68000118 0.17041671]
 [0.07473888 0.57132498 0.35393613]
 [0.10392098 0.40510604 0.49097298]
 [0.0895723  0.64317687 0.26725082]
 [0.09199441 0.59199395 0.31601165]
 [0.21217849 0.56954105 0.21828046]
 [0.08486283 0.49824254 0.41689463]
 [0.11291502 0.64354062 0.24354437]
 [0.14736605 0.69655091 0.15608304]
 [0.6320477  0.34947397 0.01847833]
 [0.22600503 0.60643301 0.16756196]
 [0.09814202 0.50211373 0.39974425]
 [0.22434331 0.70711756 0.06853913]
 [0.16737406 0.61695713 0.21566881]
 [0.0808768  0.68530028 0.23382291]
 [0.11090112 0.49464602 0.39445286]
 [0.67984978 0.31115851 0.00899171]
 [0.12295923 0.57090613 0.30613464]
 [0.11070857 0.59546707 0.29382436]
 [0.08021254 0.4917157  0.42807177]
 [0.13020775 0.69091696 0.1788753 ]
 [0.09804732 0.27734392 0.62460876]
 [0.11707385 0.53827539 0.34465076]
 [0.11608984 0.67488652 0.20902364]
 [0.54350085 0.33701113 0.11948802]
 [0.0662498  0.57890428 0.35484593]
 [0.06328523 0.58433824 0.35237652]
 [0.15019859 0.75474378 0.09505763]
 [0.4109334  0.56668071 0.0223859 ]
 [0.07920571 0.58506103 0.33573327]
 [0.20844814 0.72287116 0.0686807 ]
 [0.15137299 0.64299923 0.20562777]
 [0.23051012 0.72968854 0.03980134]
 [0.10394321 0.62824674 0.26781005]
 [0.85936079 0.10226825 0.03837096]
 [0.10113412 0.55690736 0.34195852]
 [0.20163379 0.46237243 0.33599378]
 [0.09150652 0.57317778 0.3353157 ]
 [0.13627011 0.49176099 0.3719689 ]
 [0.19852493 0.62573948 0.17573559]
 [0.13351962 0.61356589 0.2529145 ]
 [0.21056176 0.65100748 0.13843076]
 [0.52787375 0.4319918  0.04013445]
 [0.22757107 0.5730644  0.19936453]
 [0.07534296 0.64836304 0.276294  ]
 [0.10495717 0.55531558 0.33972725]
 [0.07665987 0.8351937  0.08814643]
 [0.86976773 0.11452362 0.01570865]
 [0.78758056 0.20112422 0.01129522]
 [0.14160316 0.55996092 0.29843592]
 [0.10218827 0.4662013  0.43161043]
 [0.06444246 0.59294038 0.34261715]
 [0.9087117  0.07805795 0.01323035]
 [0.15751868 0.62786105 0.21462027]
 [0.3980779  0.35757918 0.24434292]
 [0.10037188 0.80099471 0.09863341]
 [0.11505063 0.68448292 0.20046645]
 [0.14186657 0.6965069  0.16162652]
 [0.23742609 0.55522552 0.20734839]
 [0.23593732 0.54766056 0.21640213]
 [0.86128538 0.12984185 0.00887277]
 [0.16041208 0.55800348 0.28158444]
 [0.43133043 0.21698476 0.35168481]
 [0.19347106 0.66971637 0.13681257]
 [0.09770773 0.59359864 0.30869363]
 [0.08005198 0.58034041 0.3396076 ]
 [0.46364763 0.42723241 0.10911996]]","['Total Students 2018-2019', 'Total Students 2020-2021', 'Unemployed Level Diff', 'Median Age 10', 'Median Age Male 10', 'Median Age Female 10', '# of Households 10', 'Avg Household Size 10', '# of Families 10', 'Avg Family Size 10', '# of Housing Units 10', 'County Population', 'CARES ESSER I 20', '% School-wide Title I 2020-2021', '% Title I Eligible School 2020-2021', '% Title I Eligible School 2018-2019', 'Teachers:Students 2018-2019', '% Free Lunch 2020-2021', '% Asian or Asian/Pacific Islander Students 2020-2021', '% Asian or Asian/Pacific Islander Students 2018-2019', '% Grades 1-8 2020-2021', '% ADA 2020-2021', '% Students Tested Reading - Grade 8 2018-2019', '% Students Tested Reading - Grade 3 2020-2021', '% Students Tested Reading - Grade 4 2020-2021', '% Students Tested Reading - Grade 5 2020-2021', '% Students Tested Reading - Grade 6 2020-2021', '% Students Tested Reading - Grade 8 2020-2021', 'Average Score Reading All Grade 5 2018-2019', 'Average Score Reading All Grade 7 2018-2019', '% County Infected 09/28/20', '% County Deaths 09/28/20', '% County Infected 10/30/20', '% On Campus 09/28/20', '% On Campus 10/30/20', '% On Campus 01/29/21', '% White Pop 10', '% Asian Pop 10', '% Age 20-24 Pop 10', '% Age 35-44 Pop 10', '% HH 1 Male 10', '% HH Married-Child 10', '% HH Married-noChild 10', '% HH Female-Child 10', '% Housing Owner Occup 10', 'Total Schools Diff', '% Operational Schools Diff', 'Locale_11-City: Large', 'Locale_12-City: Mid-size', 'Locale_13-City: Small', 'Locale_21-Suburb: Large', 'Locale_22-Suburb: Mid-size', 'Locale_23-Suburb: Small', 'Locale_31-Town: Fringe', 'Locale_32-Town: Distant', 'Locale_41-Rural: Fringe', 'Locale_42-Rural: Distant']","HistGradientBoostingClassifier(categorical_features=[47, 48, 49, 50, 51, 52, 53,
                                                     54, 55, 56],
                               early_stopping=True, l2_regularization=0,
                               max_depth=1, max_iter=50, max_leaf_nodes=10,
                               min_samples_leaf=30, n_iter_no_change=20,
                               random_state=123)","              precision    recall  f1-score   support

           0       0.70      0.47      0.56        45
           1       0.60      0.92      0.73       104
           2       0.86      0.13      0.22        47

    accuracy                           0.63       196
   macro avg       0.72      0.51      0.50       196
weighted avg       0.69      0.63      0.57       196
",6.515625,77.19501662254333,432
LightGBM,84,RFE - Random Forest,"{'reg_lambda': 10, 'reg_alpha': 0.1, 'n_estimators': 100, 'min_sum_hessian_in_leaf': 0, 'min_split_gain': 0.1, 'max_depth': 6, 'learning_rate': 0.2}",0.6168626490282542,0.8441890166028098,0.6275510204081632,0.6359856442577031,0.6275510204081632,0.3441289134983027,0.5864645608104276,"[[21 23  1]
 [ 5 93  6]
 [ 1 37  9]]","[1 1 1 2 1 1 1 1 1 1 1 1 1 0 1 1 0 1 1 1 0 2 1 1 1 2 1 1 1 1 1 0 0 1 1 1 1
 1 0 1 1 1 1 1 1 1 1 1 1 1 1 2 2 1 1 1 1 1 1 1 1 1 1 1 1 1 1 1 1 2 0 1 1 2
 1 1 0 1 1 1 1 1 1 1 1 2 0 1 1 1 1 1 1 0 2 0 0 1 2 1 0 1 1 1 1 0 0 1 1 0 1
 1 0 1 1 1 1 1 1 1 0 1 1 1 0 1 1 1 1 1 1 1 1 1 1 1 1 1 0 1 1 1 2 1 1 0 1 2
 1 1 2 1 1 1 1 1 1 1 1 1 1 1 1 0 2 2 1 2 1 1 1 0 1 1 1 1 0 0 1 1 1 0 1 1 1
 1 1 1 1 0 1 1 1 1 1 1]","[[0.11649012 0.80271569 0.08079419]
 [0.16146629 0.62149152 0.21704218]
 [0.31124116 0.55519281 0.13356604]
 [0.27166481 0.35776617 0.37056902]
 [0.05440034 0.61503674 0.33056292]
 [0.11431087 0.67612918 0.20955995]
 [0.07701714 0.75332793 0.16965493]
 [0.06414206 0.74422896 0.19162898]
 [0.12026658 0.67764702 0.2020864 ]
 [0.09791387 0.65644358 0.24564256]
 [0.06646435 0.48785168 0.44568397]
 [0.06848961 0.618172   0.3133384 ]
 [0.11207038 0.60784818 0.28008144]
 [0.40983372 0.39951576 0.19065052]
 [0.17673288 0.54655201 0.27671511]
 [0.25717704 0.49872768 0.24409527]
 [0.67611319 0.25500948 0.06887733]
 [0.13380249 0.70469127 0.16150624]
 [0.15903472 0.60253865 0.23842663]
 [0.37057302 0.49478483 0.13464215]
 [0.58891648 0.28690108 0.12418244]
 [0.11886993 0.27303884 0.60809123]
 [0.31263552 0.36210001 0.32526446]
 [0.05255318 0.77686353 0.17058329]
 [0.15002037 0.655419   0.19456063]
 [0.21139405 0.34870672 0.43989923]
 [0.13071201 0.46697399 0.402314  ]
 [0.06917401 0.78898725 0.14183874]
 [0.17174591 0.56509357 0.26316052]
 [0.04565445 0.77114609 0.18319946]
 [0.04686224 0.81897854 0.13415922]
 [0.81123344 0.13630962 0.05245693]
 [0.48119523 0.30801136 0.2107934 ]
 [0.18500962 0.60807284 0.20691754]
 [0.2404575  0.49314446 0.26639803]
 [0.29709391 0.54231245 0.16059364]
 [0.0665714  0.69144522 0.24198338]
 [0.14376691 0.55336279 0.3028703 ]
 [0.75112912 0.1842105  0.06466038]
 [0.32144784 0.52568287 0.15286929]
 [0.13377742 0.66640931 0.19981326]
 [0.1058058  0.53264922 0.36154498]
 [0.27353883 0.58684351 0.13961765]
 [0.2759731  0.58365397 0.14037293]
 [0.10036596 0.80954643 0.09008761]
 [0.14865786 0.55078067 0.30056147]
 [0.13522119 0.7071897  0.15758911]
 [0.29620346 0.57841919 0.12537735]
 [0.09284118 0.66676184 0.24039698]
 [0.09975831 0.61428757 0.28595412]
 [0.10473368 0.53005072 0.36521561]
 [0.06571205 0.46040927 0.47387868]
 [0.13467012 0.37305989 0.49226998]
 [0.08582708 0.50857252 0.4056004 ]
 [0.11958224 0.75654612 0.12387164]
 [0.26709969 0.63163371 0.10126659]
 [0.12347583 0.71034208 0.16618209]
 [0.06298607 0.81509083 0.1219231 ]
 [0.0798925  0.64736516 0.27274234]
 [0.304917   0.41664096 0.27844204]
 [0.18291868 0.53443009 0.28265123]
 [0.09577818 0.62238588 0.28183594]
 [0.28754215 0.39320767 0.31925018]
 [0.06913863 0.61889978 0.31196159]
 [0.10220699 0.59844427 0.29934874]
 [0.11786084 0.58615436 0.29598479]
 [0.19837866 0.60765226 0.19396908]
 [0.14147473 0.59494133 0.26358394]
 [0.12912308 0.73021517 0.14066175]
 [0.18543765 0.37460353 0.43995882]
 [0.49189744 0.39046346 0.1176391 ]
 [0.07964565 0.68366952 0.23668483]
 [0.17274171 0.6750548  0.15220348]
 [0.13152881 0.37178929 0.49668189]
 [0.05610658 0.80432645 0.13956697]
 [0.07492733 0.73715187 0.1879208 ]
 [0.81351521 0.13354959 0.0529352 ]
 [0.22493788 0.56826604 0.20679607]
 [0.11174387 0.6771262  0.21112993]
 [0.23175359 0.54477886 0.22346755]
 [0.09493426 0.80777271 0.09729302]
 [0.09543016 0.59773478 0.30683507]
 [0.12806708 0.71648839 0.15544454]
 [0.07804372 0.76628581 0.15567048]
 [0.13754841 0.5715259  0.2909257 ]
 [0.19138482 0.381682   0.42693318]
 [0.75510269 0.19013254 0.05476477]
 [0.26313715 0.55187777 0.18498508]
 [0.07204023 0.83958701 0.08837275]
 [0.09334976 0.7368443  0.16980595]
 [0.10573178 0.61948806 0.27478015]
 [0.17758353 0.57264064 0.24977583]
 [0.23395641 0.65237049 0.11367311]
 [0.62559889 0.28276983 0.09163128]
 [0.1212353  0.36970454 0.50906016]
 [0.76260606 0.17497206 0.06242188]
 [0.6659617  0.24608491 0.08795339]
 [0.08862721 0.56101778 0.35035502]
 [0.11094617 0.43500129 0.45405254]
 [0.26142732 0.52453697 0.21403571]
 [0.45861962 0.403678   0.13770238]
 [0.10668762 0.64594932 0.24736306]
 [0.17908037 0.67434886 0.14657077]
 [0.2086498  0.53501887 0.25633132]
 [0.2828502  0.48730986 0.22983994]
 [0.45814897 0.36261912 0.17923191]
 [0.75084078 0.186394   0.06276522]
 [0.37345072 0.41349965 0.21304963]
 [0.19347122 0.5183015  0.28822728]
 [0.74585394 0.20096238 0.05318368]
 [0.16411672 0.57136646 0.26451682]
 [0.10692705 0.46057264 0.43250032]
 [0.6831026  0.24723608 0.06966133]
 [0.09332788 0.61924409 0.28742802]
 [0.07397693 0.65711837 0.2689047 ]
 [0.14004205 0.66764892 0.19230903]
 [0.17400439 0.58130648 0.24468914]
 [0.09239675 0.7634621  0.14414115]
 [0.10695883 0.6965506  0.19649057]
 [0.11481098 0.56197427 0.32321475]
 [0.79493834 0.15890162 0.04616005]
 [0.06560622 0.68710582 0.24728796]
 [0.07314821 0.75784923 0.16900257]
 [0.14199853 0.56883326 0.28916821]
 [0.73407562 0.17857985 0.08734453]
 [0.14525541 0.56995561 0.28478899]
 [0.08970441 0.7956308  0.11466479]
 [0.18014965 0.46424348 0.35560687]
 [0.14173471 0.54782643 0.31043887]
 [0.18396013 0.69487345 0.12116642]
 [0.09774225 0.46500162 0.43725613]
 [0.12647458 0.43731032 0.4362151 ]
 [0.09689674 0.61509494 0.28800832]
 [0.22755972 0.49742617 0.27501411]
 [0.2950894  0.52933657 0.17557402]
 [0.30620027 0.36812629 0.32567344]
 [0.13649845 0.6601296  0.20337196]
 [0.12073459 0.59182396 0.28744145]
 [0.54302464 0.39837713 0.05859822]
 [0.2445645  0.61503209 0.14040341]
 [0.14518062 0.60583342 0.24898596]
 [0.29505521 0.58854054 0.11640425]
 [0.11689953 0.44065435 0.44244612]
 [0.063717   0.57692713 0.35935587]
 [0.23839583 0.40962255 0.35198162]
 [0.60235914 0.34424601 0.05339485]
 [0.10336894 0.56565542 0.33097564]
 [0.11157012 0.39784065 0.49058923]
 [0.13565035 0.53119054 0.33315911]
 [0.0865233  0.75825631 0.15522039]
 [0.17051289 0.30404862 0.52543849]
 [0.1775346  0.44343432 0.37903108]
 [0.04777501 0.85249907 0.09972591]
 [0.38683607 0.47678631 0.13637762]
 [0.18093089 0.57685119 0.24221792]
 [0.08833353 0.61619494 0.29547153]
 [0.13404189 0.76450442 0.10145369]
 [0.37029116 0.56019154 0.0695173 ]
 [0.08195328 0.65420307 0.26384365]
 [0.22539168 0.66616025 0.10844807]
 [0.08052624 0.77191772 0.14755604]
 [0.13905954 0.80528447 0.05565599]
 [0.05429896 0.76054632 0.18515471]
