Model,Method,n Selected,best_params,Best Accuracy,Train Accuracy,Test Accuracy,Precision,Recall,F1,MCC,ROC,conf_mat,prediction,predict_proba,features,estimator,Train Time,classification_report
Ridge,RFE - Ridge,6,"{'C': 0.01, 'solver': 'newton-cg'}",0.6216336295283664,0.6269633507853403,0.6020942408376964,0.46762507399130915,0.6020942408376964,0.5096311231071076,0.2843596980592987,0.6614014490454281,"[[20 21  0]
 [ 8 95  0]
 [ 0 47  0]]","[ 0  0  0  0  0  0  0  0  0  0  0  0  0 -1  0  0  0  0  0  0  0  0  0  0
  0  0  0  0  0  0 -1  0  0  0  0 -1  0  0  0 -1  0  0  0  0  0  0 -1  0
  0  0  0  0 -1  0  0  0  0  0  0  0  0  0  0 -1  0  0  0 -1  0  0  0  0
  0  0 -1  0  0 -1  0  0  0  0 -1 -1  0  0  0 -1  0  0  0 -1  0  0  0  0
  0 -1  0  0 -1  0  0  0  0  0  0  0  0  0  0  0  0 -1  0  0  0  0  0  0
  0  0  0  0  0  0  0  0 -1  0  0  0  0  0  0  0 -1  0  0  0  0  0  0  0
  0 -1 -1  0 -1  0 -1  0  0  0  0  0  0 -1  0  0  0 -1  0  0  0  0  0  0
  0  0  0  0  0  0 -1  0  0  0  0  0  0  0  0 -1 -1  0  0  0  0  0  0]","[[0.16229429 0.57533017 0.26237553]
 [0.1419953  0.57835528 0.27964942]
 [0.35853006 0.50518953 0.13628042]
 [0.08947105 0.58636456 0.32416439]
 [0.09940043 0.58379389 0.31680568]
 [0.44090747 0.47698737 0.08210517]
 [0.14209992 0.57991018 0.27798989]
 [0.09842397 0.58459497 0.31698107]
 [0.30891654 0.52045834 0.17062513]
 [0.09943319 0.58676215 0.31380466]
 [0.09565114 0.58435551 0.31999336]
 [0.16073331 0.57672766 0.26253903]
 [0.09335229 0.5875438  0.31910392]
 [0.49840986 0.40862959 0.09296055]
 [0.09142158 0.58511817 0.32346025]
 [0.13858963 0.58233392 0.27907646]
 [0.10458643 0.58619819 0.30921538]
 [0.09426154 0.58608314 0.31965532]
 [0.10565891 0.58096085 0.31338024]
 [0.14473054 0.57583173 0.27943773]
 [0.08327973 0.58467802 0.33204225]
 [0.15877667 0.71594302 0.12528031]
 [0.08803638 0.58515478 0.32680884]
 [0.11436256 0.58553452 0.30010292]
 [0.09021737 0.58645624 0.32332639]
 [0.09639016 0.58608363 0.3175262 ]
 [0.10395539 0.58022323 0.31582139]
 [0.13005932 0.58339566 0.28654502]
 [0.12792349 0.58174236 0.29033415]
 [0.09517423 0.58964819 0.31517758]
 [0.64130355 0.30337419 0.05532226]
 [0.25712139 0.53688422 0.20599439]
 [0.14244666 0.5923195  0.26523385]
 [0.27659454 0.52502035 0.19838511]
 [0.14029074 0.5817366  0.27797266]
 [0.47136478 0.38965246 0.13898276]
 [0.10492338 0.5857203  0.30935633]
 [0.29525797 0.50017482 0.20456722]
 [0.2521481  0.57638054 0.17147136]
 [0.73089079 0.24350966 0.02559955]
 [0.10548477 0.58925882 0.30525641]
 [0.14547084 0.56419836 0.2903308 ]
 [0.16312351 0.57177308 0.26510341]
 [0.11007831 0.58519861 0.30472308]
 [0.18586112 0.57476052 0.23937836]
 [0.25217999 0.55613321 0.1916868 ]
 [0.45771477 0.43654493 0.1057403 ]
 [0.25947046 0.54888542 0.19164411]
 [0.08668403 0.58687636 0.32643962]
 [0.08319795 0.58441543 0.33238662]
 [0.09632272 0.58133405 0.32234323]
 [0.08897678 0.58718811 0.32383511]
 [0.59070594 0.3353267  0.07396736]
 [0.11021835 0.58212698 0.30765467]
 [0.09398337 0.58561943 0.3203972 ]
 [0.09339242 0.58273484 0.32387275]
 [0.3225885  0.50176113 0.17565038]
 [0.10686503 0.58810768 0.30502729]
 [0.26015795 0.59483204 0.14501001]
 [0.11779215 0.58605867 0.29614918]
 [0.10138578 0.59127437 0.30733985]
 [0.14253971 0.58370502 0.27375527]
 [0.0836638  0.58483263 0.33150357]
 [0.63690612 0.30387602 0.05921785]
 [0.08633571 0.58712339 0.3265409 ]
 [0.12432797 0.58811323 0.28755879]
 [0.08822519 0.5857973  0.32597752]
 [0.47705325 0.43892239 0.08402436]
 [0.34753443 0.51406828 0.13839729]
 [0.29555964 0.51435846 0.1900819 ]
 [0.09999407 0.73964213 0.16036379]
 [0.34554828 0.49077426 0.16367746]
 [0.19461856 0.57001335 0.23536809]
 [0.09921049 0.58997855 0.31081096]
 [0.521484   0.38098445 0.09753156]
 [0.25382312 0.54145177 0.20472511]
 [0.0967305  0.58330113 0.31996837]
 [0.50151617 0.40526042 0.0932234 ]
 [0.08679265 0.58353648 0.32967087]
 [0.10919694 0.58333093 0.30747212]
 [0.19134715 0.57120448 0.23744837]
 [0.39890956 0.4797453  0.12134514]
 [0.75732625 0.22576307 0.01691068]
 [0.52484974 0.39934458 0.07580567]
 [0.15714416 0.57823935 0.26461648]
 [0.11613899 0.57952126 0.30433975]
 [0.13705507 0.58110204 0.28184288]
 [0.60700278 0.32748926 0.06550795]
 [0.08280643 0.58414927 0.3330443 ]
 [0.09093387 0.58778668 0.32127945]
 [0.1256456  0.58610348 0.28825092]
 [0.44727061 0.43293762 0.11979177]
 [0.15753227 0.57584752 0.26662021]
 [0.17037792 0.57744605 0.25217602]
 [0.37414446 0.47693961 0.14891594]
 [0.1197657  0.58325214 0.29698217]
 [0.0940796  0.58674497 0.31917542]
 [0.48024707 0.39559741 0.12415552]
 [0.09718628 0.58690066 0.31591306]
 [0.21253733 0.55284228 0.23462038]
 [0.74758786 0.23365215 0.01875999]
 [0.10962896 0.60912888 0.28124216]
 [0.10280539 0.58591739 0.31127722]
 [0.28922589 0.52667622 0.18409789]
 [0.13254757 0.5800653  0.28738713]
 [0.14212793 0.5830034  0.27486867]
 [0.0991289  0.58696287 0.31390823]
 [0.39286221 0.48905956 0.11807823]
 [0.1732876  0.57730866 0.24940374]
 [0.33212343 0.52292123 0.14495534]
 [0.15898849 0.5763565  0.26465501]
 [0.08435644 0.58542041 0.33022315]
 [0.13498457 0.57641878 0.28859666]
 [0.58468003 0.34856616 0.0667538 ]
 [0.09779582 0.58973613 0.31246805]
 [0.08940988 0.58589305 0.32469708]
 [0.10882032 0.58419873 0.30698095]
 [0.08175156 0.58525017 0.33299827]
 [0.10763299 0.58541631 0.30695071]
 [0.18670941 0.56270692 0.25058367]
 [0.08717427 0.5856088  0.32721693]
 [0.24961774 0.55134667 0.19903559]
 [0.13300103 0.58240366 0.28459531]
 [0.08265414 0.58422171 0.33312415]
 [0.12025352 0.58058819 0.2991583 ]
 [0.34333808 0.49410722 0.1625547 ]
 [0.38136285 0.47242197 0.14621517]
 [0.09333342 0.58505502 0.32161156]
 [0.47768403 0.41499919 0.10731677]
 [0.17770261 0.56988674 0.25241065]
 [0.09318031 0.58600907 0.32081063]
 [0.13297243 0.58419254 0.28283503]
 [0.36634615 0.48830532 0.14534853]
 [0.26649052 0.53048221 0.20302727]
 [0.22620669 0.54503605 0.22875726]
 [0.29429318 0.49566883 0.210038  ]
 [0.50034595 0.39655065 0.10310341]
 [0.14613058 0.57765757 0.27621185]
 [0.09471098 0.58644419 0.31884484]
 [0.09428114 0.58379592 0.32192294]
 [0.11586466 0.58896273 0.29517261]
 [0.34545751 0.48791513 0.16662736]
 [0.18832758 0.55911862 0.25255381]
 [0.11642323 0.58383203 0.29974474]
 [0.1188985  0.58602666 0.29507484]
 [0.47273171 0.42469642 0.10257187]
 [0.49053303 0.40629923 0.10316774]
 [0.09555133 0.58475982 0.31968884]
 [0.55310549 0.36836653 0.07852797]
 [0.08885048 0.58659061 0.32455891]
 [0.65643475 0.28508473 0.05848052]
 [0.10435938 0.58768202 0.30795861]
 [0.18482575 0.56822054 0.24695371]
 [0.1223659  0.58258978 0.29504433]
 [0.08786103 0.58489758 0.32724139]
 [0.10052433 0.58882612 0.31064955]
 [0.11311267 0.58484746 0.30203986]
 [0.61148609 0.32037576 0.06813815]
 [0.1195047  0.57683102 0.30366428]
 [0.13632959 0.58227346 0.28139695]
 [0.224126   0.55307723 0.22279676]
 [0.52742274 0.3799628  0.09261446]
 [0.10433268 0.58808889 0.30757843]
 [0.40317076 0.45913174 0.1376975 ]
 [0.17829915 0.57364748 0.24805336]
 [0.10724916 0.58608087 0.30666997]
 [0.15037188 0.5811663  0.26846182]
 [0.10228666 0.58443225 0.31328109]
 [0.09716394 0.5864091  0.31642696]
 [0.12004201 0.58464298 0.29531501]
 [0.38717595 0.42926228 0.18356177]
 [0.09278447 0.58563737 0.32157816]
 [0.09416225 0.58751589 0.31832186]
 [0.10085188 0.58772091 0.31142722]
 [0.73688247 0.24195769 0.02115984]
 [0.09226937 0.58478466 0.32294598]
 [0.08821863 0.58618669 0.32559468]
 [0.13230275 0.58312388 0.28457338]
 [0.13583762 0.57892192 0.28524047]
 [0.11880723 0.58837502 0.29281776]
 [0.09560723 0.58510029 0.31929248]
 [0.11181129 0.58385814 0.30433057]
 [0.12071248 0.57997953 0.29930799]
 [0.70664143 0.27538943 0.01796915]
 [0.44449584 0.40233562 0.15316854]
 [0.11672647 0.58401308 0.29926045]
 [0.15096541 0.57961644 0.26941815]
 [0.18144567 0.71759344 0.10096089]
 [0.29804048 0.52567903 0.17628048]
 [0.10628372 0.59139252 0.30232376]
 [0.10578976 0.58917899 0.30503125]]","['% On Campus 10/30/20', 'CARES ESSER I 20', 'CRRSA ESSER II 21', 'ARP ESSER III 21', '% On Campus 09/28/20', 'ESSER-SUPP 22']","LogisticRegression(C=0.01, max_iter=10000, multi_class='ovr', n_jobs=-1,
                   random_state=123, solver='newton-cg')",0.421875,"              precision    recall  f1-score   support

          -1       0.71      0.49      0.58        41
           0       0.58      0.92      0.71       103
           1       0.00      0.00      0.00        47

    accuracy                           0.60       191
   macro avg       0.43      0.47      0.43       191
weighted avg       0.47      0.60      0.51       191
"
Ridge,Variance Threshold,21,"{'C': 0.001, 'solver': 'liblinear'}",0.5942412850307587,0.5955497382198953,0.6073298429319371,0.5982806541270764,0.6073298429319371,0.522958486960921,0.29535160770406516,0.6262572055634883,"[[20 21  0]
 [ 7 95  1]
 [ 0 46  1]]","[ 0  0  0  0  0 -1  0  0  0  0  0  0  0 -1  0  0  0  0  0  0  0  0  0  0
  0  0  0  0  0  0 -1  0  0  0  0  0  0  0  0 -1  0  0  0  0 -1  0 -1  0
  0  1  0  0 -1  0  0  0 -1  0  0  0  0  0  0  0  0  0  0 -1  0  0  0  0
  1  0 -1  0  0  0  0  0  0  0 -1  0  0  0  0 -1  0  0  0 -1  0  0 -1  0
  0  0  0  0 -1  0  0  0  0  0  0 -1  0  0  0  0  0 -1  0  0  0  0  0  0
  0  0  0  0  0  0 -1  0  0  0  0  0  0 -1  0  0 -1  0  0  0  0 -1  0  0
  0 -1  0  0 -1  0  0  0  0  0  0  0  0 -1  0  0 -1  0  0  0  0  0  0  0
  0  0  0  0  0  0 -1  0  0  0  0  0  0  0  0 -1  0  0  0  0  0  0  0]","[[0.29050528 0.37269414 0.33680058]
 [0.27436054 0.36711238 0.35852707]
 [0.28300195 0.37604142 0.34095663]
 [0.27494973 0.36871735 0.35633291]
 [0.27751101 0.36897836 0.35351064]
 [0.49324242 0.28841666 0.21834092]
 [0.30418877 0.36599131 0.32981992]
 [0.28224716 0.38027596 0.33747688]
 [0.31114942 0.36406683 0.32478375]
 [0.28536777 0.37441666 0.34021557]
 [0.26899433 0.3685061  0.36249957]
 [0.27739659 0.37020879 0.35239462]
 [0.28716246 0.36294489 0.34989265]
 [0.43598433 0.29841509 0.26560058]
 [0.28394735 0.37343987 0.34261278]
 [0.27816488 0.36745115 0.35438397]
 [0.29274817 0.36293135 0.34432048]
 [0.28623402 0.37390588 0.3398601 ]
 [0.28473946 0.37724613 0.33801441]
 [0.28981245 0.37414937 0.33603818]
 [0.27888747 0.37179908 0.34931344]
 [0.33432946 0.39252353 0.27314701]
 [0.2825777  0.37680664 0.34061566]
 [0.29334034 0.37341918 0.33324048]
 [0.2842086  0.37245516 0.34333624]
 [0.27317749 0.3740809  0.35274162]
 [0.27849683 0.36793954 0.35356362]
 [0.29789397 0.36931391 0.33279212]
 [0.33902727 0.34999756 0.31097517]
 [0.28333328 0.37612023 0.3405465 ]
 [0.43974347 0.30160343 0.2586531 ]
 [0.30180268 0.35964133 0.33855599]
 [0.34254222 0.34994781 0.30750996]
 [0.28215548 0.37827377 0.33957075]
 [0.28077011 0.36961632 0.34961357]
 [0.28523055 0.37769311 0.33707633]
 [0.27567697 0.37296547 0.35135757]
 [0.29395754 0.37188002 0.33416245]
 [0.3353772  0.35276164 0.31186116]
 [0.39615044 0.32221363 0.28163594]
 [0.2727704  0.36765075 0.35957884]
 [0.28300865 0.36290226 0.35408909]
 [0.28382141 0.37945667 0.33672192]
 [0.29379097 0.36244787 0.34376117]
 [0.42509279 0.3115371  0.26337011]
 [0.32072802 0.3601472  0.31912477]
 [0.44553951 0.29911079 0.2553497 ]
 [0.29295489 0.37476118 0.33228392]
 [0.28642812 0.3734121  0.34015978]
 [0.23548507 0.35789461 0.40662031]
 [0.27564498 0.3683597  0.35599532]
 [0.28051732 0.37346632 0.34601636]
 [0.35707357 0.34054473 0.30238169]
 [0.27431772 0.37498778 0.3506945 ]
 [0.28569541 0.37470834 0.33959625]
 [0.27876551 0.379236   0.34199849]
 [0.44733145 0.29481014 0.25785841]
 [0.28205591 0.37705337 0.34089072]
 [0.31086656 0.38039056 0.30874288]
 [0.28480044 0.37490634 0.34029322]
 [0.28426945 0.37833643 0.33739413]
 [0.28983302 0.37388281 0.33628417]
 [0.27333955 0.36933277 0.35732769]
 [0.33598366 0.35058281 0.31343354]
 [0.2795212  0.37641969 0.34405911]
 [0.2762466  0.37909979 0.34465361]
 [0.2785515  0.37992032 0.34152818]
 [0.58667765 0.22961456 0.18370779]
 [0.3022864  0.36529277 0.33242083]
 [0.28297802 0.38277122 0.33425076]
 [0.28416862 0.41974666 0.29608471]
 [0.31135455 0.36432282 0.32432264]
 [0.2701158  0.36324148 0.36664272]
 [0.27810851 0.36500195 0.35688953]
 [0.4990575  0.27128181 0.22966069]
 [0.28988331 0.37203733 0.33807936]
 [0.27989383 0.38231506 0.33779111]
 [0.31163059 0.3625405  0.3258289 ]
 [0.30122507 0.36695851 0.33181641]
 [0.33809568 0.34344188 0.31846245]
 [0.29641293 0.37046141 0.33312566]
 [0.31915981 0.36001252 0.32082766]
 [0.44598259 0.29849096 0.25552646]
 [0.32828246 0.35638519 0.31533235]
 [0.28696416 0.37464246 0.33839338]
 [0.27131389 0.36846068 0.36022543]
 [0.2857966  0.37514454 0.33905886]
 [0.45527038 0.2931838  0.25154582]
 [0.27768495 0.37722087 0.34509417]
 [0.27172674 0.36822405 0.3600492 ]
 [0.28003824 0.36750885 0.35245291]
 [0.4316434  0.30514529 0.26321131]
 [0.33095611 0.353258   0.31578588]
 [0.28171595 0.37589664 0.3423874 ]
 [0.41478059 0.32155522 0.2636642 ]
 [0.28848306 0.36942389 0.34209304]
 [0.28006178 0.37682419 0.34311404]
 [0.30472087 0.3687582  0.32652093]
 [0.28521377 0.3755665  0.33921974]
 [0.28497942 0.37382856 0.34119202]
 [0.4152762  0.31605924 0.26866456]
 [0.28203564 0.38226676 0.33569761]
 [0.27545639 0.36900972 0.35553389]
 [0.27159737 0.36698116 0.36142147]
 [0.28674821 0.37616361 0.33708818]
 [0.28463613 0.37583617 0.3395277 ]
 [0.27761364 0.36329233 0.35909403]
 [0.57739098 0.23377592 0.18883309]
 [0.28438283 0.37399189 0.34162528]
 [0.34742499 0.35286717 0.29970784]
 [0.34210918 0.35006392 0.3078269 ]
 [0.27917112 0.3774137  0.34341518]
 [0.27902968 0.36912354 0.35184678]
 [0.50810249 0.26788573 0.22401178]
 [0.282925   0.3653148  0.35176019]
 [0.28129417 0.37570435 0.34300149]
 [0.28232453 0.37534899 0.34232648]
 [0.27802484 0.36658654 0.35538862]
 [0.28285257 0.37694599 0.34020144]
 [0.2752965  0.36612593 0.35857757]
 [0.27756438 0.3689616  0.35347402]
 [0.30002846 0.36805723 0.3319143 ]
 [0.28498188 0.36426037 0.35075775]
 [0.28084735 0.37921137 0.33994129]
 [0.28199219 0.37729064 0.34071717]
 [0.30306445 0.35718232 0.33975323]
 [0.49263967 0.27078096 0.23657937]
 [0.28536045 0.37798782 0.33665173]
 [0.3448207  0.34910612 0.30607318]
 [0.29027792 0.37453454 0.33518753]
 [0.26678249 0.38474638 0.34847113]
 [0.27788661 0.36450757 0.35760582]
 [0.33659533 0.35476727 0.3086374 ]
 [0.36139742 0.3394361  0.29916649]
 [0.28284585 0.37294082 0.34421333]
 [0.28507481 0.37167024 0.34325494]
 [0.36238064 0.34009067 0.29752869]
 [0.28611804 0.3739024  0.33997956]
 [0.27920338 0.37081939 0.34997722]
 [0.29880691 0.35738245 0.34381064]
 [0.28132786 0.37865165 0.34002048]
 [0.45390671 0.29524502 0.25084827]
 [0.25250583 0.38488309 0.36261107]
 [0.28613276 0.36108128 0.35278597]
 [0.28448717 0.3748012  0.34071162]
 [0.55722929 0.24239632 0.2003744 ]
 [0.27800755 0.38038326 0.34160919]
 [0.27890337 0.36687309 0.35422354]
 [0.36609686 0.33853857 0.29536457]
 [0.28244298 0.37491558 0.34264144]
 [0.27732463 0.36720579 0.35546958]
 [0.27466682 0.36800214 0.35733104]
 [0.30458142 0.36606051 0.32935806]
 [0.2784069  0.3798651  0.341728  ]
 [0.27940405 0.37615314 0.34444281]
 [0.27617904 0.3690434  0.35477756]
 [0.28237275 0.36737888 0.35024837]
 [0.35967724 0.33768888 0.30263388]
 [0.2889305  0.36670147 0.34436803]
 [0.28761404 0.37507981 0.33730615]
 [0.4247374  0.30754878 0.26771382]
 [0.28722334 0.37478797 0.33798869]
 [0.28035882 0.36744021 0.35220097]
 [0.29119319 0.37367795 0.33512886]
 [0.29205313 0.37177832 0.33616855]
 [0.28502402 0.37535641 0.33961957]
 [0.29053313 0.37224319 0.33722368]
 [0.28175807 0.36813586 0.35010608]
 [0.26889845 0.36904414 0.36205741]
 [0.28462925 0.37505614 0.34031461]
 [0.28066465 0.37695261 0.34238274]
 [0.27647348 0.36922319 0.35430333]
 [0.2772464  0.36667898 0.35607462]
 [0.28378881 0.37719745 0.33901375]
 [0.35371274 0.3446748  0.30161246]
 [0.27370662 0.37701013 0.34928325]
 [0.28251019 0.3781912  0.33929861]
 [0.2763694  0.36821993 0.35541067]
 [0.27473623 0.36895692 0.35630685]
 [0.28388354 0.37587212 0.34024433]
 [0.28945198 0.37687239 0.33367564]
 [0.28292394 0.37549738 0.34157868]
 [0.27520459 0.36844536 0.35635005]
 [0.50241022 0.27357492 0.22401487]
 [0.27766443 0.36417779 0.35815778]
 [0.280106   0.36749432 0.35239968]
 [0.29576713 0.37114285 0.33309002]
 [0.33627066 0.39758883 0.26614051]
 [0.29492352 0.37035209 0.33472438]
 [0.28376388 0.37599434 0.34024178]
 [0.26835596 0.38567669 0.34596736]]","['CARES ESSER I 20', '% Tested Math G8 Diff', '% Reduced-price Lunch Diff', '% Black Diff', '% Asian Diff', 'Median Age 10', 'CRRSA ESSER II 21', 'ARP ESSER III 21', '% Prek Diff', 'Unemployed Level Diff', 'Median Age Male 10', 'Median Age Female 10', 'Locale_42-Rural: Distant', 'ESSER-SUPP 22', 'Avg Household Size 10', 'Avg Family Size 10', '# of Households 10', 'County Population', '# of Housing Units 10', '# of Families 10', 'ESSER-SUPP 23']","LogisticRegression(C=0.001, max_iter=10000, multi_class='ovr', n_jobs=-1,
                   random_state=123, solver='liblinear')",0.4375,"              precision    recall  f1-score   support

          -1       0.74      0.49      0.59        41
           0       0.59      0.92      0.72       103
           1       0.50      0.02      0.04        47

    accuracy                           0.61       191
   macro avg       0.61      0.48      0.45       191
weighted avg       0.60      0.61      0.52       191
"
Ridge,Permutation Importance - Ridge,28,"{'C': 0.01, 'solver': 'newton-cg'}",0.616455912508544,0.6295811518324608,0.6178010471204188,0.4900902037469249,0.6178010471204188,0.5230199580420487,0.32685720295606224,0.705877888836004,"[[20 21  0]
 [ 5 98  0]
 [ 0 47  0]]","[ 0  0  0  0  0 -1  0  0  0  0  0  0  0 -1  0  0  0  0  0  0  0  0  0  0
  0  0  0  0  0  0 -1  0  0  0  0  0  0  0  0 -1  0  0  0  0  0  0  0  0
  0  0  0  0 -1  0  0  0  0  0  0  0  0  0  0 -1  0  0  0 -1 -1  0  0  0
  0  0 -1  0  0  0  0  0  0  0 -1  0  0  0  0 -1  0  0  0 -1  0  0  0  0
  0 -1  0  0 -1  0  0  0  0  0  0  0  0 -1  0  0  0 -1  0  0  0  0  0  0
  0  0  0  0  0  0  0  0  0  0  0  0  0  0  0  0 -1  0  0  0  0  0  0  0
  0  0 -1  0 -1  0 -1  0  0  0  0  0  0 -1  0  0  0 -1  0  0  0  0  0  0
  0  0  0  0  0  0 -1  0  0  0  0  0  0  0  0 -1 -1  0  0  0  0  0  0]","[[0.20498642 0.58316794 0.21184563]
 [0.13759912 0.5198948  0.34250609]
 [0.07600122 0.5649658  0.35903298]
 [0.0752656  0.50540041 0.41933399]
 [0.09335696 0.51021158 0.39643146]
 [0.58064561 0.37907027 0.04028413]
 [0.11926766 0.6535472  0.22718514]
 [0.10318744 0.5968344  0.29997816]
 [0.32448317 0.584075   0.09144183]
 [0.10400667 0.61724215 0.27875118]
 [0.07408067 0.5628221  0.36309724]
 [0.08080201 0.69199981 0.22719817]
 [0.07821091 0.53187039 0.3899187 ]
 [0.53613012 0.39754927 0.06632061]
 [0.07410269 0.56277424 0.36312306]
 [0.06693303 0.51557205 0.41749492]
 [0.11959902 0.5679039  0.31249708]
 [0.0972338  0.57105357 0.33171263]
 [0.08038015 0.53355129 0.38606857]
 [0.14052612 0.68593689 0.17353699]
 [0.02351979 0.54017387 0.43630634]
 [0.27393523 0.54440324 0.18166153]
 [0.13803378 0.55427003 0.30769619]
 [0.13342396 0.60263119 0.26394485]
 [0.06715376 0.58086365 0.35198259]
 [0.07698507 0.52874502 0.39426991]
 [0.11071865 0.5364829  0.35279845]
 [0.12929795 0.62518495 0.2455171 ]
 [0.19028987 0.66365613 0.14605399]
 [0.08121462 0.5849556  0.33382978]
 [0.61702046 0.29453192 0.08844763]
 [0.19643861 0.53604082 0.26752057]
 [0.27991435 0.55508144 0.16500421]
 [0.34013611 0.51628758 0.14357631]
 [0.11318041 0.58616297 0.30065662]
 [0.3626003  0.48178822 0.15561148]
 [0.08298891 0.60603861 0.31097249]
 [0.24471229 0.55025756 0.20503015]
 [0.1511241  0.60356673 0.24530918]
 [0.71854786 0.2175853  0.06386685]
 [0.08237096 0.55073665 0.36689239]
 [0.14406149 0.50695233 0.34898618]
 [0.16131713 0.60330195 0.23538092]
 [0.1206943  0.57357297 0.30573273]
 [0.2390093  0.56066273 0.20032798]
 [0.23015698 0.64024988 0.12959314]
 [0.35696709 0.48592756 0.15710534]
 [0.25112488 0.5918297  0.15704542]
 [0.09099814 0.57992916 0.3290727 ]
 [0.05535348 0.52265901 0.42198751]
 [0.08227545 0.49364327 0.42408128]
 [0.07325089 0.56905434 0.35769477]
 [0.64004337 0.28485931 0.07509732]
 [0.10475323 0.5708004  0.32444638]
 [0.073813   0.5776842  0.3485028 ]
 [0.11005098 0.59212576 0.29782326]
 [0.37486924 0.48315258 0.14197818]
 [0.10683757 0.62688241 0.26628002]
 [0.35725534 0.47991607 0.16282859]
 [0.10160661 0.55618367 0.34220973]
 [0.05649797 0.61756102 0.32594101]
 [0.14069068 0.59541359 0.26389573]
 [0.06460491 0.49646206 0.43893303]
 [0.70139486 0.27162066 0.02698449]
 [0.09472888 0.5827039  0.32256722]
 [0.07673235 0.63384129 0.28942635]
 [0.07216184 0.56162702 0.36621113]
 [0.47639141 0.47317937 0.05042921]
 [0.42942824 0.34307687 0.22749489]
 [0.39492189 0.47268332 0.13239479]
 [0.13899566 0.61676692 0.24423742]
 [0.42467996 0.44223801 0.13308203]
 [0.14854678 0.55269559 0.29875763]
 [0.08826631 0.55766719 0.3540665 ]
 [0.59492553 0.3674328  0.03764167]
 [0.17100164 0.57502744 0.25397092]
 [0.09226993 0.64030667 0.2674234 ]
 [0.3344641  0.48813702 0.17739887]
 [0.09157738 0.61436911 0.29405351]
 [0.25047678 0.54017918 0.20934404]
 [0.15843108 0.56457982 0.27698911]
 [0.33032322 0.52653655 0.14314023]
 [0.698831   0.25806827 0.04310072]
 [0.45388567 0.49040571 0.05570862]
 [0.14862276 0.60915767 0.24221956]
 [0.09253857 0.51944222 0.3880192 ]
 [0.17198527 0.63465522 0.19335951]
 [0.60995486 0.34906239 0.04098275]
 [0.07449761 0.6014861  0.32401629]
 [0.07033315 0.56690419 0.36276267]
 [0.09329783 0.49476892 0.41193325]
 [0.5067204  0.40189044 0.09138916]
 [0.30579184 0.5767833  0.11742486]
 [0.12123341 0.5933428  0.28542379]
 [0.41403903 0.44374577 0.1422152 ]
 [0.07545225 0.81933962 0.10520813]
 [0.06800692 0.60316667 0.32882641]
 [0.47094246 0.39899639 0.13006116]
 [0.11541466 0.63315392 0.25143142]
 [0.2337421  0.56829098 0.19796692]
 [0.70890759 0.22611111 0.0649813 ]
 [0.11089879 0.59002256 0.29907866]
 [0.10356441 0.58635446 0.31008114]
 [0.15235862 0.54986125 0.29778013]
 [0.12319791 0.6062332  0.27056889]
 [0.0957217  0.62953668 0.27474161]
 [0.09665046 0.5460357  0.35731384]
 [0.40453307 0.52922242 0.06624451]
 [0.11955258 0.59483242 0.28561499]
 [0.49027902 0.45156904 0.05815194]
 [0.234564   0.57800414 0.18743186]
 [0.05213515 0.62246836 0.32539649]
 [0.13048593 0.52454434 0.34496973]
 [0.57186812 0.38840977 0.03972211]
 [0.12642303 0.56110811 0.31246887]
 [0.04827111 0.58240429 0.3693246 ]
 [0.09568381 0.61699136 0.28732483]
 [0.05782624 0.50908794 0.43308583]
 [0.10413216 0.64072979 0.25513805]
 [0.14822925 0.51905048 0.33272027]
 [0.06359537 0.52210724 0.41429739]
 [0.25149835 0.52345959 0.22504206]
 [0.11588659 0.54119702 0.34291639]
 [0.09871372 0.49442897 0.40685731]
 [0.06379436 0.5946323  0.34157334]
 [0.32393303 0.44841109 0.22765588]
 [0.35548475 0.57754904 0.06696621]
 [0.15368076 0.58075275 0.26556649]
 [0.44741147 0.50545367 0.04713487]
 [0.15723559 0.59185936 0.25090505]
 [0.07011766 0.57758386 0.35229849]
 [0.13283387 0.53130519 0.33586094]
 [0.44544682 0.48451674 0.07003644]
 [0.38619444 0.483264   0.13054156]
 [0.26044437 0.49818439 0.24137124]
 [0.22744442 0.5042141  0.26834148]
 [0.57248837 0.35042961 0.07708202]
 [0.15589548 0.54288393 0.30122059]
 [0.07664395 0.52399484 0.39936122]
 [0.10252116 0.56935041 0.32812843]
 [0.08693458 0.62042352 0.2926419 ]
 [0.46028298 0.47436911 0.06534791]
 [0.21535151 0.49451943 0.29012906]
 [0.15709418 0.5384826  0.30442323]
 [0.0845869  0.65623843 0.25917467]
 [0.44668587 0.45668608 0.09662805]
 [0.47303848 0.3650266  0.16193492]
 [0.09664363 0.53065358 0.37270279]
 [0.57773474 0.33565276 0.08661251]
 [0.0756339  0.61274909 0.31161701]
 [0.6991107  0.20156425 0.09932505]
 [0.05781119 0.55629628 0.38589254]
 [0.12611353 0.76621878 0.10766769]
 [0.06027327 0.57025897 0.36946775]
 [0.07693776 0.5950819  0.32798034]
 [0.08063544 0.54503598 0.37432858]
 [0.12909041 0.58569615 0.28521344]
 [0.67550892 0.25464973 0.06984135]
 [0.14333255 0.58741366 0.26925379]
 [0.1131811  0.58108617 0.30573273]
 [0.27620071 0.59777876 0.12602053]
 [0.55479563 0.36267632 0.08252805]
 [0.1014648  0.5931314  0.3054038 ]
 [0.37068842 0.45336688 0.1759447 ]
 [0.13508178 0.63646566 0.22845256]
 [0.14148838 0.65281376 0.20569786]
 [0.1293447  0.64460768 0.22604761]
 [0.12713563 0.55739858 0.31546579]
 [0.05197526 0.5007966  0.44722813]
 [0.10112397 0.60700257 0.29187347]
 [0.37580447 0.38013836 0.24405717]
 [0.0792792  0.52358586 0.39713494]
 [0.09381231 0.54971604 0.35647165]
 [0.14664182 0.61212822 0.24122996]
 [0.69581296 0.23768101 0.06650604]
 [0.0507419  0.55676383 0.39249426]
 [0.08311412 0.59783337 0.31905251]
 [0.08705836 0.57348299 0.33945865]
 [0.09521315 0.54186065 0.3629262 ]
 [0.10797984 0.60738922 0.28463094]
 [0.10903324 0.61639048 0.27457628]
 [0.11634175 0.60295933 0.28069892]
 [0.10888945 0.48142469 0.40968586]
 [0.54848431 0.35175606 0.09975962]
 [0.68469168 0.2005295  0.11477881]
 [0.15776624 0.56235768 0.27987608]
 [0.15327245 0.58602346 0.26070408]
 [0.37591149 0.52234348 0.10174503]
 [0.17278299 0.58612798 0.24108903]
 [0.09658376 0.62798302 0.27543322]
 [0.07672348 0.56749314 0.35578338]]","['% On Campus 10/30/20', '% Tested Math G8 Diff', '% Reduced-price Lunch Diff', '% Asian Diff', '% Hispanic Diff', '% Grades 9-12 Diff', '% ADA Diff', 'Locale_42-Rural: Distant', '% On Campus 01/29/21', '% Kinder Diff', 'Total Schools Diff', 'Locale_12-City: Mid-size', '% Housing Renter Occup 10', '% HH Female-Child 10', '% Black Pop 10', '% Asian Pop 10', '% Age 5-9 Pop 10', '% Age 25-34 Pop 10', '% Age 15-19 Pop 10', 'Locale_23-Suburb: Small', 'Locale_22-Suburb: Mid-size', 'Locale_21-Suburb: Large', '% Operational Schools Diff', '% HH Male-Child 10', '% Age 35-44 Pop 10', '% Age 20-24 Pop 10', '% HH 1 Female 10', '% Age 10-14 Pop 10']","LogisticRegression(C=0.01, max_iter=10000, multi_class='ovr', n_jobs=-1,
                   random_state=123, solver='newton-cg')",0.4375,"              precision    recall  f1-score   support

          -1       0.80      0.49      0.61        41
           0       0.59      0.95      0.73       103
           1       0.00      0.00      0.00        47

    accuracy                           0.62       191
   macro avg       0.46      0.48      0.44       191
weighted avg       0.49      0.62      0.52       191
"
Ridge,RFE - Random Forest,36,"{'C': 0.01, 'solver': 'newton-cg'}",0.625580997949419,0.6361256544502618,0.6230366492146597,0.6671223579600543,0.6230366492146597,0.5489056291797868,0.3318861273646608,0.7226434502088952,"[[20 21  0]
 [ 6 96  1]
 [ 1 43  3]]","[ 0  0  0  0  0 -1  0  0  0  0  0  0  0 -1  0  0  0  0  1  0  0  0  0  0
  0  0  0  0  0  0 -1  0  0 -1  0  0  0  0  0 -1  0  0  0  0  0  0 -1  0
  1  1  1  0 -1  0  0  0  0  0  0  0  0  0  0 -1  0  0  0 -1  0  0  0  0
  0  0 -1  0  0  0  0  0  0  0 -1  0  0  0  0 -1  0  0  0 -1  0  0  0  0
  0  0  0  0 -1  0  0  0  0  0  0 -1  0  0  0  0  0 -1  0  0  0  0  0  0
  0  0  0  0  0  0 -1  0 -1  0  0  0  0  0  0  0 -1  0  0  0  0  0  0  0
  0 -1  0  0 -1  0 -1  0  0  0  0  0  0 -1  0  0  0 -1  0  0  0  0  0  0
  0  0  0  0  0  0 -1  0  0  0  0  0  0  0  0 -1 -1  0  0  0  0  0  0]","[[0.13082226 0.67993871 0.18923903]
 [0.09795709 0.5552284  0.34681451]
 [0.24126543 0.48268669 0.27604788]
 [0.0732412  0.48182022 0.44493858]
 [0.10435742 0.53987643 0.35576615]
 [0.63112175 0.32532755 0.0435507 ]
 [0.10569454 0.59645766 0.2978478 ]
 [0.08580241 0.6491648  0.26503279]
 [0.25915899 0.58057776 0.16026325]
 [0.08934567 0.59695875 0.31369558]
 [0.04828672 0.62415033 0.32756294]
 [0.22929866 0.43206452 0.33863682]
 [0.11391786 0.45596974 0.43011239]
 [0.56554723 0.38999175 0.04446102]
 [0.10755636 0.50053387 0.39190977]
 [0.12225707 0.56373184 0.3140111 ]
 [0.11298961 0.58025349 0.30675691]
 [0.1064357  0.50444891 0.38911539]
 [0.12700207 0.39156593 0.48143201]
 [0.12130936 0.53180114 0.34688951]
 [0.02428945 0.64878346 0.32692709]
 [0.19878064 0.61666395 0.1845554 ]
 [0.15866426 0.44309616 0.39823959]
 [0.10491503 0.65188489 0.24320009]
 [0.11563819 0.54484834 0.33951347]
 [0.10516363 0.57613159 0.31870478]
 [0.09933721 0.56161775 0.33904504]
 [0.1092278  0.63337901 0.2573932 ]
 [0.15860888 0.6376878  0.20370332]
 [0.08152411 0.51600421 0.40247168]
 [0.66746288 0.28312828 0.04940885]
 [0.19058901 0.57649034 0.23292065]
 [0.13439112 0.62787845 0.23773043]
 [0.77339271 0.06437679 0.1622305 ]
 [0.1622193  0.45314141 0.38463929]
 [0.30571726 0.5016141  0.19266865]
 [0.071257   0.6642385  0.2645045 ]
 [0.19303566 0.56770417 0.23926017]
 [0.19385809 0.59974859 0.20639333]
 [0.78622204 0.19917201 0.01460594]
 [0.06894657 0.60704661 0.32400682]
 [0.13033118 0.54052259 0.32914623]
 [0.19148595 0.54500088 0.26351317]
 [0.13544298 0.48719208 0.37736494]
 [0.26627189 0.56956871 0.1641594 ]
 [0.21042212 0.59184783 0.19773005]
 [0.48290761 0.48255996 0.03453243]
 [0.20492862 0.58996573 0.20510566]
 [0.14609547 0.38548778 0.46841675]
 [0.02034826 0.40092066 0.57873108]
 [0.09630371 0.4419482  0.46174809]
 [0.06985036 0.5359465  0.39420314]
 [0.62082742 0.32849197 0.05068061]
 [0.06192072 0.60292039 0.33515889]
 [0.08371748 0.51831595 0.39796657]
 [0.08758578 0.64181681 0.2705974 ]
 [0.39572081 0.53738375 0.06689543]
 [0.07476995 0.66173464 0.26349542]
 [0.22495844 0.59356891 0.18147265]
 [0.09829633 0.5795952  0.32210846]
 [0.06870427 0.61727559 0.31402014]
 [0.10141324 0.5875033  0.31108345]
 [0.05606996 0.56625376 0.37767628]
 [0.5976292  0.37085219 0.0315186 ]
 [0.09469806 0.5260628  0.37923914]
 [0.07224435 0.53143798 0.39631767]
 [0.05789355 0.57467953 0.36742692]
 [0.65104406 0.31829266 0.03066328]
 [0.33698655 0.51293126 0.15008218]
 [0.25268725 0.53596922 0.21134353]
 [0.15209228 0.75995406 0.08795366]
 [0.35836175 0.49226527 0.14937298]
 [0.09987511 0.4729331  0.42719179]
 [0.08379567 0.57885695 0.33734739]
 [0.61302072 0.35957146 0.02740782]
 [0.14163929 0.6293632  0.22899751]
 [0.05119068 0.66736356 0.28144576]
 [0.43340942 0.45238766 0.11420292]
 [0.0555181  0.60169759 0.34278431]
 [0.11484624 0.66766377 0.21748999]
 [0.15492009 0.63988933 0.20519058]
 [0.32441793 0.54093599 0.13464608]
 [0.81197373 0.17708539 0.01094088]
 [0.44482605 0.48728344 0.06789051]
 [0.12278277 0.63624773 0.2409695 ]
 [0.07658771 0.58866279 0.3347495 ]
 [0.08600691 0.59206262 0.32193047]
 [0.66156583 0.31429293 0.02414124]
 [0.03680271 0.63131048 0.33188682]
 [0.05970916 0.5165645  0.42372634]
 [0.09655981 0.55027981 0.35316039]
 [0.58433882 0.35730031 0.05836087]
 [0.15146913 0.65306064 0.19547023]
 [0.11289102 0.56686629 0.3202427 ]
 [0.43390532 0.50031029 0.06578439]
 [0.07675133 0.6312932  0.29195546]
 [0.06973891 0.63540376 0.29485733]
 [0.37663486 0.43271479 0.19065035]
 [0.0929221  0.58041005 0.32666785]
 [0.16250779 0.54555392 0.29193829]
 [0.74320198 0.24381378 0.01298424]
 [0.10169915 0.58049557 0.31780528]
 [0.0701657  0.6903838  0.2394505 ]
 [0.18070135 0.53222284 0.2870758 ]
 [0.14366885 0.56475818 0.29157297]
 [0.10042713 0.62057269 0.27900018]
 [0.08740823 0.53916889 0.37342288]
 [0.53279266 0.42055813 0.0466492 ]
 [0.11039308 0.60819966 0.28140726]
 [0.33984518 0.54251072 0.1176441 ]
 [0.17647249 0.59883896 0.22468855]
 [0.0536619  0.53839545 0.40794265]
 [0.10856983 0.65038358 0.24104659]
 [0.65823149 0.31285465 0.02891387]
 [0.07657207 0.61225901 0.31116892]
 [0.10186451 0.45402101 0.44411448]
 [0.08171854 0.54161855 0.37666291]
 [0.08348844 0.54344598 0.37306559]
 [0.08359254 0.65749644 0.25891102]
 [0.10834605 0.61749845 0.2741555 ]
 [0.06083278 0.52139024 0.41777698]
 [0.18946539 0.59120512 0.21932949]
 [0.1415008  0.59246639 0.26603281]
 [0.10739945 0.60288368 0.28971687]
 [0.08288922 0.57845398 0.33865681]
 [0.27996644 0.55121894 0.16881462]
 [0.59250862 0.35871538 0.048776  ]
 [0.11526294 0.60331738 0.28141967]
 [0.48754375 0.41913059 0.09332566]
 [0.17412415 0.57305374 0.25282211]
 [0.05032077 0.66752109 0.28215814]
 [0.13482071 0.60695255 0.25822674]
 [0.29318839 0.59168641 0.1151252 ]
 [0.33775436 0.54146126 0.12078438]
 [0.23258436 0.52261892 0.24479672]
 [0.18816191 0.50439949 0.3074386 ]
 [0.54542687 0.41588453 0.0386886 ]
 [0.1209776  0.60569617 0.27332623]
 [0.09287277 0.56728557 0.33984166]
 [0.07404898 0.60200692 0.3239441 ]
 [0.11684233 0.54330776 0.33984991]
 [0.43931641 0.51745183 0.04323176]
 [0.06575415 0.66507574 0.26917011]
 [0.12661201 0.59089155 0.28249643]
 [0.10252487 0.57146481 0.32601031]
 [0.69492831 0.27788935 0.02718234]
 [0.3869851  0.52561655 0.08739835]
 [0.09773291 0.54859611 0.35367098]
 [0.59341767 0.37085151 0.03573082]
 [0.06707324 0.62811112 0.30481564]
 [0.67846945 0.2055657  0.11596484]
 [0.07171979 0.51645936 0.41182085]
 [0.1663011  0.63299546 0.20070344]
 [0.09775302 0.45905202 0.44319496]
 [0.06895331 0.65650111 0.27454558]
 [0.06990112 0.5822808  0.34781808]
 [0.10701864 0.61500796 0.27797341]
 [0.62195095 0.33372295 0.0443261 ]
 [0.08687892 0.68453485 0.22858623]
 [0.12138491 0.55541668 0.32319841]
 [0.31048588 0.54502672 0.14448739]
 [0.65090703 0.25715757 0.0919354 ]
 [0.08593859 0.61588065 0.29818076]
 [0.39294755 0.5127968  0.09425564]
 [0.11178907 0.64546393 0.24274701]
 [0.15443853 0.63269783 0.21286364]
 [0.1167917  0.62845423 0.25475407]
 [0.11304507 0.63728486 0.24967008]
 [0.05943518 0.54594046 0.39462436]
 [0.09411034 0.61240219 0.29348746]
 [0.32508978 0.42397626 0.25093396]
 [0.07221001 0.5014295  0.42636048]
 [0.06325404 0.55305809 0.38368787]
 [0.07050681 0.57348631 0.35600688]
 [0.71562514 0.25844638 0.02592848]
 [0.04636679 0.51171493 0.44191829]
 [0.0763525  0.56068325 0.36296425]
 [0.09243121 0.57045659 0.33711219]
 [0.12663927 0.46624397 0.40711676]
 [0.0838217  0.65282141 0.26335689]
 [0.09125236 0.59568899 0.31305865]
 [0.0986119  0.58854528 0.31284282]
 [0.08497195 0.57584371 0.33918434]
 [0.72071913 0.26143786 0.01784302]
 [0.47864971 0.40374952 0.11760077]
 [0.09348578 0.66855248 0.23796174]
 [0.14149634 0.5978635  0.26064016]
 [0.2810139  0.54347476 0.17551133]
 [0.2074302  0.61358817 0.17898162]
 [0.08855107 0.5445007  0.36694823]
 [0.03769449 0.66479336 0.29751215]]","['% On Campus 10/30/20', 'CARES ESSER I 20', '% Tested Math G8 Diff', '% Reduced-price Lunch Diff', '% Black Diff', '% Asian Diff', 'Median Age 10', 'CRRSA ESSER II 21', 'ARP ESSER III 21', '% Prek Diff', '% On Campus 09/28/20', '% Hispanic Diff', '% Grades 9-12 Diff', '% Grades 1-8 Diff', '% ADA Diff', 'Unemployed Level Diff', 'Avg Household Size 10', '% White Diff', '% Tested Math G7 Diff', '% Tested Math G6 Diff', '% Tested Math G5 Diff', '% Tested Math G3 Diff', '% On Campus 01/29/21', '% Kinder Diff', '% HH Married-noChild 10', '% County Infected 09/28/20', '# of Households 10', 'Total Students Diff', 'Teachers:Students Diff', 'Staff:Students Diff', 'Labor Force Diff', '% Tested Math G4 Diff', '% HH Female-Child 10', '% Age 75-84 Pop 10', '% White Pop 10', '% Free Lunch Diff']","LogisticRegression(C=0.01, max_iter=10000, multi_class='ovr', n_jobs=-1,
                   random_state=123, solver='newton-cg')",0.4375,"              precision    recall  f1-score   support

          -1       0.74      0.49      0.59        41
           0       0.60      0.93      0.73       103
           1       0.75      0.06      0.12        47

    accuracy                           0.62       191
   macro avg       0.70      0.49      0.48       191
weighted avg       0.67      0.62      0.55       191
"
Ridge,Feature Importance - Random Forest,45,"{'C': 100, 'solver': 'newton-cg'}",0.6294941900205059,0.6649214659685864,0.6387434554973822,0.6300216505651959,0.6387434554973822,0.6217489997860766,0.36785949385784406,0.7234561584430694,"[[22 18  1]
 [ 7 84 12]
 [ 4 27 16]]","[ 0  1 -1  1  0 -1  0  0  0  0  0 -1  1 -1  1  0  0  1  1  1  0  0  1  0
  1  0  1  0  0  1 -1  0  0 -1  1 -1  0  0  0 -1  0  0  0  1  0  0  0  0
  1  1  1  1 -1  0  0  0  0  0  0  0  0  0  0 -1  1  0  0 -1 -1  0  0  0
  1  0 -1  0  0  0  0  0  0  0 -1  0  0  0  0 -1  0  1  0 -1  0  0  0  0
  0 -1  0  0 -1  0  0  0  0  0  1  0  0  0  0  1  0 -1  0  1  0  1  0  0
  1  0  0  0  0  0 -1  0 -1  0  0  0  0 -1  0 -1 -1  0  0  0  0  0  0  0
  0 -1  0  0 -1  0 -1  0  0  1  0  0  0 -1  0  0  0 -1  0  0  0  0  0  0
  0  0 -1  1  0  0 -1  1  0  0  1  0  0  0  0 -1 -1  0  0  0  0  0  0]","[[1.01763680e-01 7.00001200e-01 1.98235120e-01]
 [2.24136172e-02 4.63792283e-01 5.13794100e-01]
 [5.52350347e-01 3.17399365e-01 1.30250287e-01]
 [4.61369374e-02 4.00678990e-01 5.53184073e-01]
 [7.52974564e-02 4.71474097e-01 4.53228446e-01]
 [7.37929634e-01 2.47817848e-01 1.42525187e-02]
 [6.07990448e-02 5.80435267e-01 3.58765689e-01]
 [4.89542508e-02 6.68891998e-01 2.82153751e-01]
 [2.37564463e-01 7.35203556e-01 2.72319808e-02]
 [3.64004319e-02 5.88428765e-01 3.75170803e-01]
 [1.19083899e-02 6.28659698e-01 3.59431912e-01]
 [4.54937105e-01 1.46951628e-01 3.98111267e-01]
 [2.39703999e-01 3.77229096e-01 3.83066904e-01]
 [5.73755424e-01 4.26080241e-01 1.64334945e-04]
 [1.33528565e-01 3.91822502e-01 4.74648932e-01]
 [1.79826748e-01 6.32554485e-01 1.87618767e-01]
 [7.32161726e-02 6.19016048e-01 3.07767779e-01]
 [5.72216055e-02 3.43328620e-01 5.99449775e-01]
 [3.48355852e-01 9.42817082e-02 5.57362440e-01]
 [1.39417138e-01 4.24870787e-01 4.35712075e-01]
 [5.02817420e-03 7.05469211e-01 2.89502615e-01]
 [1.81819170e-01 6.89519417e-01 1.28661414e-01]
 [2.80220651e-01 2.36111403e-01 4.83667947e-01]
 [7.04322575e-02 6.77901261e-01 2.51666481e-01]
 [1.01294215e-01 4.42354426e-01 4.56351358e-01]
 [8.12329438e-02 5.01463363e-01 4.17303693e-01]
 [1.03860029e-01 3.77646154e-01 5.18493817e-01]
 [3.60997127e-02 6.58164293e-01 3.05735995e-01]
 [1.47316143e-01 6.27007000e-01 2.25676858e-01]
 [4.38828799e-02 4.24196414e-01 5.31920706e-01]
 [8.13340785e-01 1.86305693e-01 3.53522331e-04]
 [8.05178724e-02 7.36181270e-01 1.83300858e-01]
 [6.69099848e-02 7.60333916e-01 1.72756100e-01]
 [9.16299478e-01 1.69262484e-04 8.35312591e-02]
 [2.25617515e-01 3.30053649e-01 4.44328836e-01]
 [6.23459241e-01 2.56039605e-01 1.20501154e-01]
 [1.26280215e-02 7.14110585e-01 2.73261394e-01]
 [1.72548193e-01 6.56313270e-01 1.71138537e-01]
 [3.62151489e-01 6.36523783e-01 1.32472827e-03]
 [8.56423760e-01 1.43575485e-01 7.54991005e-07]
 [1.78518503e-02 6.01842725e-01 3.80305425e-01]
 [1.71443123e-01 4.23333025e-01 4.05223852e-01]
 [1.48684191e-01 5.22186094e-01 3.29129716e-01]
 [1.08156661e-01 3.59627800e-01 5.32215539e-01]
 [2.16436741e-01 6.85709000e-01 9.78542593e-02]
 [1.42159109e-01 8.52282508e-01 5.55838324e-03]
 [3.57906596e-01 6.35930687e-01 6.16271744e-03]
 [2.59364854e-01 6.36470264e-01 1.04164882e-01]
 [1.12796838e-01 2.65324619e-01 6.21878543e-01]
 [3.50679261e-03 2.09247604e-01 7.87245604e-01]
 [7.70218742e-02 2.57373956e-01 6.65604170e-01]
 [7.53223110e-02 4.35259626e-01 4.89418063e-01]
 [7.14313034e-01 2.37243693e-01 4.84432726e-02]
 [1.59894765e-02 5.30065067e-01 4.53945457e-01]
 [8.25401114e-02 5.50297579e-01 3.67162309e-01]
 [5.47643406e-02 6.38928387e-01 3.06307273e-01]
 [2.34790767e-01 7.50130655e-01 1.50785787e-02]
 [4.20531991e-02 7.66622353e-01 1.91324448e-01]
 [2.47508193e-01 6.55255445e-01 9.72363619e-02]
 [8.97444090e-02 5.66159537e-01 3.44096054e-01]
 [2.45675550e-02 6.79003646e-01 2.96428799e-01]
 [6.26008410e-02 5.59417566e-01 3.77981593e-01]
 [3.41027287e-02 5.60834410e-01 4.05062861e-01]
 [6.67079436e-01 3.30829992e-01 2.09057194e-03]
 [7.13338410e-02 2.49309537e-01 6.79356622e-01]
 [3.50723167e-02 5.17254847e-01 4.47672836e-01]
 [1.73830734e-02 5.53184895e-01 4.29432031e-01]
 [5.98264388e-01 4.01733583e-01 2.02927970e-06]
 [4.98488692e-01 3.96792596e-01 1.04718712e-01]
 [2.03265019e-01 5.79998853e-01 2.16736127e-01]
 [6.68623137e-02 9.02732993e-01 3.04046937e-02]
 [4.31103922e-01 5.43511732e-01 2.53843463e-02]
 [3.20857095e-02 3.94588075e-01 5.73326215e-01]
 [2.36194939e-02 6.20170306e-01 3.56210200e-01]
 [7.25775740e-01 2.68280706e-01 5.94355430e-03]
 [7.50146379e-02 7.97902898e-01 1.27082464e-01]
 [9.25678471e-03 7.39269568e-01 2.51473648e-01]
 [4.36444376e-01 5.17678106e-01 4.58775173e-02]
 [6.82797884e-03 5.06930860e-01 4.86241161e-01]
 [5.40036916e-02 8.12032017e-01 1.33964292e-01]
 [1.39391214e-01 7.98801247e-01 6.18075397e-02]
 [2.86013895e-01 7.13130103e-01 8.56002260e-04]
