,Model,n Selected,Method,best_params,Best Accuracy,Train Accuracy,Test Accuracy,Precision,Recall,MCC,F1,conf_mat,Prediction,predict_proba,Features,estimator,classification_report,Train Time CPU,Train Time Wall,n_iter
3,CatBoost,36,RFE - Random Forest,"{'random_strength': 10, 'min_data_in_leaf': 5, 'learning_rate': 0.1, 'l2_leaf_reg': 0, 'iterations': 200, 'depth': 3}",0.6399982800137599,0.7342931937172775,0.675392670157068,0.6928676227086542,0.675392670157068,0.4335255933416614,0.6446345991683126,"[[22 18  1]
 [ 4 94  5]
 [ 1 33 13]]","[[1]
 [1]
 [1]
 [1]
 [1]
 [0]
 [1]
 [1]
 [1]
 [1]
 [1]
 [1]
 [2]
 [0]
 [2]
 [1]
 [1]
 [1]
 [1]
 [1]
 [2]
 [1]
 [1]
 [1]
 [1]
 [1]
 [1]
 [1]
 [1]
 [1]
 [0]
 [1]
 [1]
 [1]
 [1]
 [1]
 [1]
 [1]
 [1]
 [0]
 [1]
 [1]
 [1]
 [1]
 [1]
 [1]
 [1]
 [1]
 [2]
 [1]
 [2]
 [1]
 [0]
 [1]
 [1]
 [1]
 [1]
 [1]
 [1]
 [1]
 [2]
 [1]
 [1]
 [0]
 [2]
 [2]
 [1]
 [0]
 [1]
 [1]
 [1]
 [1]
 [1]
 [1]
 [0]
 [1]
 [1]
 [1]
 [1]
 [1]
 [1]
 [1]
 [0]
 [1]
 [1]
 [1]
 [1]
 [0]
 [1]
 [2]
 [1]
 [0]
 [1]
 [1]
 [1]
 [1]
 [1]
 [0]
 [1]
 [1]
 [0]
 [1]
 [1]
 [1]
 [1]
 [1]
 [2]
 [1]
 [1]
 [1]
 [1]
 [1]
 [1]
 [0]
 [1]
 [1]
 [2]
 [1]
 [2]
 [1]
 [1]
 [1]
 [1]
 [1]
 [1]
 [1]
 [0]
 [1]
 [0]
 [1]
 [1]
 [1]
 [1]
 [0]
 [1]
 [2]
 [0]
 [1]
 [1]
 [1]
 [2]
 [1]
 [1]
 [1]
 [1]
 [0]
 [1]
 [2]
 [0]
 [1]
 [0]
 [1]
 [1]
 [1]
 [1]
 [2]
 [1]
 [0]
 [1]
 [1]
 [1]
 [0]
 [1]
 [0]
 [1]
 [1]
 [1]
 [1]
 [1]
 [1]
 [0]
 [2]
 [2]
 [1]
 [0]
 [1]
 [1]
 [1]
 [1]
 [1]
 [1]
 [1]
 [2]
 [0]
 [1]
 [1]
 [1]
 [1]
 [1]
 [1]
 [1]]","[[0.12822597 0.61355188 0.25822215]
 [0.07192591 0.57018815 0.35788594]
 [0.14760372 0.47833297 0.37406332]
 [0.0937235  0.46523298 0.44104352]
 [0.09318998 0.46702042 0.43978961]
 [0.70521128 0.26448481 0.03030391]
 [0.06799838 0.72362085 0.20838077]
 [0.09748539 0.60399383 0.29852078]
 [0.22455204 0.72829261 0.04715534]
 [0.03799429 0.69546784 0.26653787]
 [0.05293921 0.48026511 0.46679568]
 [0.18159765 0.49096021 0.32744214]
 [0.10818378 0.36124038 0.53057583]
 [0.86148928 0.12642333 0.01208739]
 [0.05754385 0.46560129 0.47685486]
 [0.08123459 0.67165318 0.24711223]
 [0.05962611 0.55596572 0.38440817]
 [0.07128711 0.53108502 0.39762787]
 [0.06738161 0.54291254 0.38970585]
 [0.04810072 0.61056324 0.34133604]
 [0.1979207  0.37823004 0.42384926]
 [0.11168414 0.80346427 0.08485159]
 [0.11352197 0.52167742 0.3648006 ]
 [0.09326977 0.70454769 0.20218255]
 [0.12219016 0.5248101  0.35299974]
 [0.09673784 0.54261944 0.36064271]
 [0.10681756 0.48523171 0.40795074]
 [0.06427722 0.66606346 0.26965932]
 [0.11416544 0.63474877 0.25108579]
 [0.0366876  0.51575562 0.44755678]
 [0.61651919 0.32677425 0.05670656]
 [0.23034289 0.58349932 0.18615779]
 [0.10618896 0.6755167  0.21829434]
 [0.16320834 0.5365691  0.30022255]
 [0.15527099 0.53677939 0.30794962]
 [0.36219265 0.4970422  0.14076515]
 [0.05669751 0.73711554 0.20618695]
 [0.19650112 0.6551128  0.14838608]
 [0.10336224 0.796452   0.10018576]
 [0.89401417 0.0987123  0.00727353]
 [0.04409931 0.59080063 0.36510005]
 [0.09204994 0.57944328 0.32850677]
 [0.17012718 0.49613352 0.3337393 ]
 [0.12342107 0.44802031 0.42855862]
 [0.19283298 0.6686859  0.13848112]
 [0.10387518 0.82218863 0.07393619]
 [0.45682927 0.48955959 0.05361115]
 [0.07883553 0.80775445 0.11341002]
 [0.10183623 0.16324113 0.73492264]
 [0.06862914 0.53865005 0.39272081]
 [0.12329084 0.34701026 0.5296989 ]
 [0.0409652  0.48821892 0.47081589]
 [0.84665927 0.13619875 0.01714199]
 [0.04618242 0.63597795 0.31783963]
 [0.06098045 0.52372739 0.41529215]
 [0.0791133  0.68826146 0.23262524]
 [0.26119667 0.66338227 0.07542105]
 [0.08604001 0.52580143 0.38815856]
 [0.21794544 0.71770131 0.06435326]
 [0.06623548 0.70612711 0.22763741]
 [0.04228547 0.37345324 0.58426129]
 [0.06337204 0.73280002 0.20382793]
 [0.04516404 0.58950745 0.36532852]
 [0.79646235 0.19243645 0.0111012 ]
 [0.07023436 0.44387264 0.485893  ]
 [0.05867861 0.39849428 0.54282711]
 [0.05001768 0.52486535 0.42511697]
 [0.73348056 0.25701027 0.00950917]
 [0.2727329  0.61071093 0.11655617]
 [0.13545749 0.64842176 0.21612075]
 [0.3817771  0.55665586 0.06156704]
 [0.30999419 0.65440688 0.03559893]
 [0.05220849 0.60325307 0.34453844]
 [0.04551642 0.4901631  0.46432048]
 [0.80447957 0.16166853 0.0338519 ]
 [0.08517414 0.73062211 0.18420375]
 [0.08774509 0.57452402 0.33773089]
 [0.37538124 0.55803207 0.06658669]
 [0.10107809 0.58458815 0.31433376]
 [0.18187257 0.60724883 0.2108786 ]
 [0.0767024  0.81515154 0.10814606]
 [0.19222206 0.73154497 0.07623296]
 [0.90591885 0.08770404 0.00637711]
 [0.47130204 0.47760367 0.05109429]
 [0.09095755 0.71022188 0.19882057]
 [0.09334534 0.48427593 0.42237874]
 [0.07177103 0.61863739 0.30959158]
 [0.72187498 0.25247703 0.02564799]
 [0.04659633 0.55997414 0.39342954]
 [0.04062187 0.45188293 0.50749519]
 [0.06346222 0.56536697 0.37117081]
 [0.68819192 0.2952094  0.01659869]
 [0.14621892 0.74835623 0.10542485]
 [0.11889595 0.61273573 0.26836831]
 [0.41516012 0.47841971 0.10642017]
 [0.07109425 0.73454082 0.19436493]
 [0.07498184 0.55817711 0.36684105]
 [0.47963972 0.4501472  0.07021308]
 [0.08012892 0.56924701 0.35062407]
 [0.09614778 0.68202129 0.22183093]
 [0.91237818 0.0825294  0.00509242]
 [0.08524782 0.66287087 0.2518813 ]
 [0.0514849  0.51768986 0.43082524]
 [0.11759031 0.57056981 0.31183988]
 [0.0914416  0.62320643 0.28535197]
 [0.05375439 0.69959839 0.24664722]
 [0.08462251 0.45279809 0.4625794 ]
 [0.26842055 0.69474386 0.03683558]
 [0.06217547 0.75560133 0.1822232 ]
 [0.25125324 0.69447643 0.05427033]
 [0.13144969 0.70655986 0.16199044]
 [0.06011061 0.57055244 0.36933695]
 [0.08405177 0.62656254 0.28938569]
 [0.69675379 0.27707843 0.02616779]
 [0.04941376 0.64746393 0.30312231]
 [0.16868898 0.4194799  0.41183112]
 [0.09916102 0.44908177 0.45175721]
 [0.04340347 0.51476747 0.44182905]
 [0.11901058 0.42905055 0.45193888]
 [0.09268067 0.74061165 0.16670768]
 [0.03724005 0.52046062 0.44229934]
 [0.09838291 0.78394563 0.11767146]
 [0.05545808 0.68963725 0.25490467]
 [0.21854252 0.47147562 0.30998187]
 [0.04196329 0.55689745 0.40113927]
 [0.14237947 0.58106968 0.27655085]
 [0.47516194 0.4724826  0.05235546]
 [0.16540752 0.43320504 0.40138743]
 [0.66965586 0.27779835 0.05254579]
 [0.13256497 0.68564276 0.18179227]
 [0.07538529 0.55237872 0.372236  ]
 [0.09345674 0.5819349  0.32460837]
 [0.40950048 0.51028308 0.08021644]
 [0.49338986 0.45919011 0.04742003]
 [0.29106888 0.41090051 0.29803061]
 [0.18502828 0.34340197 0.47156975]
 [0.91380406 0.07343334 0.01276259]
 [0.10559407 0.63674312 0.25766281]
 [0.04487097 0.61106321 0.34406582]
 [0.05631548 0.70017237 0.24351216]
 [0.08434794 0.40449924 0.51115281]
 [0.38611976 0.57802632 0.03585392]
 [0.11518506 0.59015104 0.29466389]
 [0.0585579  0.63637515 0.30506695]
 [0.05649313 0.62885868 0.31464819]
 [0.66786538 0.29898733 0.03314729]
 [0.34026356 0.56335851 0.09637793]
 [0.21579125 0.35773466 0.42647409]
 [0.82881771 0.15771017 0.01347212]
 [0.06915065 0.65043588 0.28041347]
 [0.67214767 0.24219523 0.0856571 ]
 [0.05432012 0.60273186 0.34294802]
 [0.12941868 0.7411548  0.12942652]
 [0.09647699 0.63828043 0.26524258]
 [0.04859924 0.67588095 0.27551981]
 [0.07626561 0.38576275 0.53797164]
 [0.08243007 0.59772653 0.31984341]
 [0.8366905  0.14292573 0.02038377]
 [0.13118585 0.60760945 0.2612047 ]
 [0.07683645 0.61785414 0.30530941]
 [0.11621309 0.75325855 0.13052837]
 [0.82306239 0.15677721 0.0201604 ]
 [0.11001957 0.50021952 0.38976091]
 [0.51743265 0.44725831 0.03530904]
 [0.07132404 0.76842817 0.16024779]
 [0.11418569 0.68552638 0.20028792]
 [0.09648852 0.75483561 0.14867587]
 [0.10671934 0.57828422 0.31499644]
 [0.03202796 0.56171678 0.40625527]
 [0.04997604 0.7261432  0.22388076]
 [0.52194177 0.33916485 0.13889338]
 [0.08545872 0.45378168 0.4607596 ]
 [0.07090225 0.36015307 0.56894468]
 [0.04671529 0.62722384 0.32606087]
 [0.77624398 0.20692773 0.01682828]
 [0.02783168 0.55768903 0.41447928]
 [0.1276426  0.49951674 0.37284066]
 [0.05718334 0.68616521 0.25665145]
 [0.16945436 0.46712184 0.3634238 ]
 [0.04490139 0.70627519 0.24882341]
 [0.06272835 0.49134759 0.44592406]
 [0.07155749 0.56429846 0.36414406]
 [0.14112088 0.41389902 0.4449801 ]
 [0.71516243 0.25555255 0.02928502]
 [0.22196971 0.57007272 0.20795758]
 [0.12139    0.67949216 0.19911784]
 [0.06780186 0.77823936 0.15395878]
 [0.4160909  0.48401932 0.09988978]
 [0.15287306 0.75785364 0.0892733 ]
 [0.04792707 0.52283018 0.42924275]
 [0.14878389 0.4561567  0.3950594 ]]","['% On Campus 10/30/20', 'CARES ESSER I 20', '% Tested Math G8 Diff', '% Reduced-price Lunch Diff', '% Black Diff', '% Asian Diff', 'Median Age 10', 'CRRSA ESSER II 21', 'ARP ESSER III 21', '% Prek Diff', '% On Campus 09/28/20', '% Hispanic Diff', '% Grades 9-12 Diff', '% Grades 1-8 Diff', '% ADA Diff', 'Unemployed Level Diff', 'Avg Household Size 10', '% White Diff', '% Tested Math G7 Diff', '% Tested Math G6 Diff', '% Tested Math G5 Diff', '% Tested Math G3 Diff', '% On Campus 01/29/21', '% Kinder Diff', '% HH Married-noChild 10', '% County Infected 09/28/20', '# of Households 10', 'Total Students Diff', 'Teachers:Students Diff', 'Staff:Students Diff', 'Labor Force Diff', '% Tested Math G4 Diff', '% HH Female-Child 10', '% Age 75-84 Pop 10', '% White Pop 10', '% Free Lunch Diff']",<catboost.core.CatBoostClassifier object at 0x0000019F87C84820>,"              precision    recall  f1-score   support

           0       0.81      0.54      0.65        41
           1       0.65      0.91      0.76       103
           2       0.68      0.28      0.39        47

    accuracy                           0.68       191
   macro avg       0.72      0.58      0.60       191
weighted avg       0.69      0.68      0.64       191
",3.0625,753.1862373352051,100
11,XGBoost,21,Variance Threshold,"{'n_estimators': 100, 'min_child_weight': 0, 'max_depth': 6, 'learning_rate': 0.01, 'lambda': 0, 'gamma': 0.1, 'alpha': 10}",0.6046783625730995,0.6531413612565445,0.6596858638743456,0.6845402798386399,0.6596858638743456,0.4053745249090329,0.6161081458596549,"[[22 19  0]
 [ 4 95  4]
 [ 1 37  9]]","[1 1 1 1 1 0 1 1 1 1 2 1 1 0 1 1 1 1 1 1 2 1 2 1 1 2 1 1 1 1 0 1 1 2 1 1 1
 1 1 0 1 1 2 1 1 1 1 1 2 1 2 1 0 1 1 1 0 1 1 1 1 1 1 1 2 1 1 0 1 1 0 1 1 1
 0 1 1 1 1 1 1 1 0 1 1 1 1 0 1 1 1 0 1 1 1 1 1 1 1 1 0 1 1 1 1 1 1 0 1 1 1
 1 1 0 1 1 1 1 1 1 1 1 1 0 1 1 0 1 1 1 1 1 1 0 1 1 0 1 1 1 1 0 1 1 1 0 1 1
 0 1 1 1 1 1 1 1 1 0 1 1 0 1 1 0 1 2 1 1 1 1 2 2 2 1 1 1 1 1 1 1 1 1 1 0 1
 1 1 0 1 1 1]","[[0.21174237 0.45989802 0.3283596 ]
 [0.24172908 0.43826324 0.32000768]
 [0.27302518 0.3927267  0.33424813]
 [0.20529306 0.41915438 0.3755526 ]
 [0.21396846 0.45421988 0.3318117 ]
 [0.38178718 0.38178718 0.2364257 ]
 [0.22696489 0.5550766  0.21795855]
 [0.2173524  0.4455882  0.33705938]
 [0.22897804 0.553631   0.21739094]
 [0.20720313 0.50674623 0.28605065]
 [0.20813176 0.38764152 0.40422675]
 [0.20696637 0.42888847 0.36414516]
 [0.2311162  0.43656218 0.3323216 ]
 [0.45603922 0.33593163 0.20802918]
 [0.24928811 0.392261   0.35845095]
 [0.24956658 0.45923758 0.2911958 ]
 [0.22696489 0.5550766  0.21795855]
 [0.20414491 0.47927722 0.31657785]
 [0.21468973 0.45238003 0.33293024]
 [0.26942924 0.4201265  0.31044424]
 [0.3074648  0.3074648  0.3850704 ]
 [0.3161776  0.48802608 0.19579628]
 [0.28377014 0.3474025  0.36882737]
 [0.22696489 0.5550766  0.21795855]
 [0.21640606 0.40877578 0.37481815]
 [0.22271775 0.36985385 0.40742844]
 [0.22401635 0.4325121  0.34347153]
 [0.21480843 0.4520773  0.3331143 ]
 [0.4000949  0.4130012  0.18690385]
 [0.21788706 0.5191878  0.26292515]
 [0.44739133 0.3798788  0.1727299 ]
 [0.30172008 0.47583514 0.22244474]
 [0.32958475 0.46631646 0.20409879]
 [0.28253502 0.33651704 0.38094792]
 [0.2148008  0.4520967  0.33310246]
 [0.21788706 0.5191878  0.26292515]
 [0.21882239 0.5171238  0.2640538 ]
 [0.21791483 0.5329433  0.24914184]
 [0.22897804 0.553631   0.21739094]
 [0.49762642 0.31024876 0.19212478]
 [0.20040902 0.43297303 0.366618  ]
 [0.22955425 0.44037008 0.33007565]
 [0.30948797 0.30948797 0.3810241 ]
 [0.25905496 0.42379987 0.3171452 ]
 [0.35293758 0.3709941  0.2760684 ]
 [0.27383518 0.52142143 0.2047434 ]
 [0.35293758 0.3709941  0.2760684 ]
 [0.20198153 0.48835793 0.3096606 ]
 [0.22149487 0.36638343 0.41212168]
 [0.23749702 0.39564592 0.3668571 ]
 [0.21604386 0.3643628  0.41959336]
 [0.2062632  0.47387403 0.31986278]
 [0.49762642 0.31024876 0.19212478]
 [0.192777   0.45456663 0.3526564 ]
 [0.21058244 0.5039754  0.28544217]
 [0.20562063 0.47551307 0.3188663 ]
 [0.4595862  0.36297575 0.17743813]
 [0.20092317 0.4913877  0.30768916]
 [0.31285828 0.49340093 0.19374076]
 [0.20720313 0.50674623 0.28605065]
 [0.20350173 0.48091787 0.31558043]
 [0.20344503 0.48465067 0.31190428]
 [0.21480843 0.4520773  0.3331143 ]
 [0.3864403  0.43303463 0.18052511]
 [0.2806884  0.33431762 0.3849939 ]
 [0.19447976 0.44974896 0.35577133]
 [0.20495363 0.47721443 0.31783193]
 [0.49762642 0.31024876 0.19212478]
 [0.31285828 0.49340093 0.19374076]
 [0.23369247 0.4843099  0.2819976 ]
 [0.35995284 0.35995284 0.28009433]
 [0.2635534  0.50184345 0.23460317]
 [0.19407351 0.4644655  0.34146094]
 [0.20226555 0.48407102 0.31366342]
 [0.49762642 0.31024876 0.19212478]
 [0.20720313 0.50674623 0.28605065]
 [0.20414491 0.47927722 0.31657785]
 [0.32067022 0.48779157 0.19153817]
 [0.31950408 0.44963604 0.23085985]
 [0.39052245 0.4096092  0.19986837]
 [0.20276593 0.49025446 0.3069796 ]
 [0.23703353 0.53880847 0.22415799]
 [0.46008378 0.32844    0.21147618]
 [0.27383518 0.52142143 0.2047434 ]
 [0.21494497 0.5256801  0.25937492]
 [0.27302518 0.3927267  0.33424813]
 [0.20720313 0.50674623 0.28605065]
 [0.44739133 0.3798788  0.1727299 ]
 [0.30600113 0.3588732  0.33512563]
 [0.2221246  0.4121722  0.3657032 ]
 [0.21494497 0.5256801  0.25937492]
 [0.4538778  0.37088802 0.17523421]
 [0.38000762 0.4424723  0.1775201 ]
 [0.1967128  0.44343084 0.35985637]
 [0.32599366 0.34801263 0.32599366]
 [0.20947772 0.5013315  0.28919077]
 [0.19676736 0.42107743 0.38215518]
 [0.27873415 0.5128595  0.2084063 ]
 [0.20306125 0.48597535 0.3109634 ]
 [0.20543656 0.47722948 0.3173339 ]
 [0.47789204 0.33760232 0.18450569]
 [0.26850316 0.4525941  0.2789027 ]
 [0.18957351 0.46363038 0.3467961 ]
 [0.21015008 0.46395957 0.32589036]
 [0.2656639  0.39221242 0.34212363]
 [0.21494497 0.5256801  0.25937492]
 [0.20485531 0.4476645  0.34748015]
 [0.49762642 0.31024876 0.19212478]
 [0.21015008 0.46395957 0.32589036]
 [0.3161776  0.48802608 0.19579628]
 [0.3864403  0.43303463 0.18052511]
 [0.20414491 0.47927722 0.31657785]
 [0.20092317 0.4913877  0.30768916]
 [0.49762642 0.31024876 0.19212478]
 [0.224708   0.4650753  0.31021667]
 [0.18957351 0.46363038 0.3467961 ]
 [0.20414491 0.47927722 0.31657785]
 [0.20008256 0.41132364 0.38859382]
 [0.20438832 0.40692148 0.38869017]
 [0.21015008 0.46395957 0.32589036]
 [0.21480843 0.4520773  0.3331143 ]
 [0.20908841 0.5055412  0.2853704 ]
 [0.20720313 0.50674623 0.28605065]
 [0.33333334 0.33333334 0.33333334]
 [0.2001441  0.4894823  0.31037357]
 [0.31285828 0.49340093 0.19374076]
 [0.35711598 0.35711598 0.28576806]
 [0.20875049 0.45339975 0.33784974]
 [0.35050043 0.37533748 0.27416205]
 [0.21494497 0.5256801  0.25937492]
 [0.20284398 0.42608356 0.3710724 ]
 [0.22181241 0.41632235 0.36186522]
 [0.34570578 0.38388255 0.27041164]
 [0.47471994 0.34199905 0.18328099]
 [0.2100601  0.4472474  0.3426925 ]
 [0.21190026 0.4065032  0.3815965 ]
 [0.48005277 0.29929236 0.22065486]
 [0.21494497 0.5256801  0.25937492]
 [0.21249403 0.44359758 0.3439084 ]
 [0.22969688 0.54972094 0.22058217]
 [0.20159765 0.4857747  0.31262767]
 [0.4392127  0.35890436 0.20188285]
 [0.22596602 0.42361704 0.35041696]
 [0.22696489 0.5550766  0.21795855]
 [0.20092317 0.4913877  0.30768916]
 [0.49762642 0.31024876 0.19212478]
 [0.20350173 0.48091787 0.31558043]
 [0.19994727 0.4342794  0.36577332]
 [0.49762642 0.31024876 0.19212478]
 [0.20720313 0.50674623 0.28605065]
 [0.20504905 0.42131284 0.3736381 ]
 [0.20269255 0.4829819  0.3143256 ]
 [0.27383518 0.52142143 0.2047434 ]
 [0.20350173 0.48091787 0.31558043]
 [0.21123946 0.44097856 0.34778205]
 [0.19508468 0.42602825 0.37888712]
 [0.2001441  0.4894823  0.31037357]
 [0.47438517 0.34246308 0.18315174]
 [0.21174237 0.45989802 0.3283596 ]
 [0.22534753 0.50378907 0.2708634 ]
 [0.4538778  0.37088802 0.17523421]
 [0.24956658 0.45923758 0.2911958 ]
 [0.20128885 0.43048367 0.3682275 ]
 [0.35995284 0.35995284 0.28009433]
 [0.21688144 0.5243834  0.25873515]
 [0.28710932 0.34196532 0.37092534]
 [0.21494497 0.5256801  0.25937492]
 [0.21709448 0.44624615 0.33665943]
 [0.22468911 0.42687416 0.34843677]
 [0.21494497 0.5256801  0.25937492]
 [0.282136   0.33088455 0.38697943]
 [0.21046111 0.38078818 0.4087507 ]
 [0.21725875 0.3607884  0.42195287]
 [0.21494497 0.5256801  0.25937492]
 [0.22897804 0.553631   0.21739094]
 [0.20040902 0.43297303 0.366618  ]
 [0.24910322 0.42712742 0.3237694 ]
 [0.2001441  0.4894823  0.31037357]
 [0.1981615  0.41697568 0.38486284]
 [0.21788706 0.5191878  0.26292515]
 [0.2143275  0.45330405 0.33236846]
 [0.21702898 0.48709852 0.29587245]
 [0.19315909 0.4534855  0.35335538]
 [0.46945012 0.31476852 0.21578139]
 [0.21408598 0.47808012 0.3078339 ]
 [0.19087708 0.45994216 0.3491808 ]
 [0.20092317 0.4913877  0.30768916]
 [0.3685728  0.3685728  0.26285434]
 [0.2668032  0.49095538 0.24224146]
 [0.21494497 0.5256801  0.25937492]
 [0.21318659 0.45621422 0.33059925]]","['CARES ESSER I 20', '% Tested Math G8 Diff', '% Reduced-price Lunch Diff', '% Black Diff', '% Asian Diff', 'Median Age 10', 'CRRSA ESSER II 21', 'ARP ESSER III 21', '% Prek Diff', 'Unemployed Level Diff', 'Median Age Male 10', 'Median Age Female 10', 'Locale_42-Rural: Distant', 'ESSER-SUPP 22', 'Avg Household Size 10', 'Avg Family Size 10', '# of Households 10', 'County Population', '# of Housing Units 10', '# of Families 10', 'ESSER-SUPP 23']","XGBClassifier(alpha=10, base_score=0.5, booster='gbtree', callbacks=None,
              colsample_bylevel=1, colsample_bynode=1, colsample_bytree=1,
              early_stopping_rounds=20, enable_categorical=True,
              eval_metric='mlogloss', gamma=0.1, gpu_id=-1,
              grow_policy='depthwise', importance_type=None,
              interaction_constraints='', lambda=0, learning_rate=0.01,
              max_bin=256, max_cat_to_onehot=4, max_delta_step=0, max_depth=6,
              max_leaves=0, min_child_weight=0, missing=nan,
              monotone_constraints='()', n_estimators=100, n_jobs=0,
              num_class=3, num_parallel_tree=1, objective='multi:softprob', ...)","              precision    recall  f1-score   support

           0       0.81      0.54      0.65        41
           1       0.63      0.92      0.75       103
           2       0.69      0.19      0.30        47

    accuracy                           0.66       191
   macro avg       0.71      0.55      0.57       191
weighted avg       0.68      0.66      0.62       191
",21.765625,203.77733373641968,777
5,CatBoost,45,Feature Importance - Random Forest,"{'random_strength': 0, 'min_data_in_leaf': 10, 'learning_rate': 0.1, 'l2_leaf_reg': 10, 'iterations': 100, 'depth': 3}",0.6360681114551083,0.7408376963350786,0.6544502617801047,0.6549238809574611,0.6544502617801047,0.3910892229344838,0.6271092659437754,"[[22 16  3]
 [ 7 90  6]
 [ 0 34 13]]","[[1]
 [1]
 [1]
 [2]
 [1]
 [0]
 [1]
 [1]
 [1]
 [1]
 [2]
 [1]
 [2]
 [0]
 [2]
 [1]
 [1]
 [1]
 [1]
 [1]
 [1]
 [1]
 [1]
 [1]
 [1]
 [1]
 [2]
 [1]
 [1]
 [2]
 [0]
 [1]
 [1]
 [1]
 [1]
 [1]
 [1]
 [1]
 [1]
 [0]
 [1]
 [1]
 [1]
 [2]
 [1]
 [1]
 [1]
 [1]
 [2]
 [1]
 [2]
 [1]
 [0]
 [1]
 [1]
 [1]
 [1]
 [1]
 [1]
 [1]
 [2]
 [1]
 [1]
 [0]
 [2]
 [1]
 [1]
 [0]
 [1]
 [1]
 [1]
 [1]
 [1]
 [1]
 [0]
 [1]
 [1]
 [0]
 [1]
 [1]
 [1]
 [1]
 [0]
 [0]
 [1]
 [1]
 [1]
 [0]
 [1]
 [2]
 [1]
 [0]
 [1]
 [1]
 [0]
 [1]
 [1]
 [0]
 [1]
 [1]
 [0]
 [1]
 [1]
 [1]
 [1]
 [1]
 [2]
 [1]
 [1]
 [1]
 [1]
 [1]
 [1]
 [0]
 [1]
 [1]
 [1]
 [2]
 [1]
 [1]
 [1]
 [1]
 [1]
 [2]
 [1]
 [1]
 [0]
 [2]
 [0]
 [1]
 [2]
 [1]
 [1]
 [1]
 [1]
 [2]
 [0]
 [1]
 [1]
 [1]
 [1]
 [1]
 [1]
 [1]
 [1]
 [0]
 [0]
 [2]
 [0]
 [1]
 [0]
 [1]
 [1]
 [1]
 [1]
 [1]
 [1]
 [0]
 [1]
 [1]
 [1]
 [0]
 [1]
 [0]
 [1]
 [1]
 [1]
 [1]
 [1]
 [1]
 [2]
 [2]
 [2]
 [1]
 [0]
 [1]
 [1]
 [1]
 [1]
 [1]
 [1]
 [1]
 [1]
 [0]
 [1]
 [1]
 [1]
 [1]
 [1]
 [1]
 [1]]","[[0.12632965 0.68808184 0.18558851]
 [0.07694564 0.67294613 0.25010823]
 [0.22122228 0.43776082 0.3410169 ]
 [0.07300561 0.44728787 0.47970653]
 [0.12060214 0.4671429  0.41225496]
 [0.79390146 0.16258011 0.04351843]
 [0.06402563 0.69610119 0.23987317]
 [0.07316719 0.57018564 0.35664717]
 [0.16944464 0.75547365 0.07508171]
 [0.05388946 0.6651843  0.28092624]
 [0.05471573 0.45322244 0.49206182]
 [0.26588087 0.48691056 0.24720856]
 [0.09249685 0.42488584 0.4826173 ]
 [0.88895987 0.08753173 0.0235084 ]
 [0.09418573 0.44375754 0.46205672]
 [0.09058998 0.69488907 0.21452095]
 [0.06077265 0.59802705 0.3412003 ]
 [0.06921874 0.56147824 0.36930301]
 [0.07775051 0.54456487 0.37768462]
 [0.10075054 0.49167059 0.40757886]
 [0.16935727 0.43950622 0.39113651]
 [0.11596344 0.79975446 0.08428209]
 [0.14896317 0.44410481 0.40693201]
 [0.07710887 0.67053357 0.25235756]
 [0.18483462 0.43987182 0.37529355]
 [0.08370174 0.51433496 0.4019633 ]
 [0.08902858 0.45506149 0.45590993]
 [0.086232   0.67172716 0.24204083]
 [0.14541382 0.65324169 0.20134449]
 [0.05601199 0.41007649 0.53391153]
 [0.66936964 0.24923639 0.08139397]
 [0.15126453 0.67614294 0.17259254]
 [0.10113746 0.73154313 0.16731941]
 [0.25958951 0.54151092 0.19889956]
 [0.17413323 0.5077353  0.31813147]
 [0.42062525 0.42450751 0.15486724]
 [0.06864548 0.75004543 0.18130909]
 [0.25601678 0.58955628 0.15442695]
 [0.07106757 0.81778843 0.11114401]
 [0.9073787  0.06878377 0.02383753]
 [0.05883388 0.6080313  0.33313482]
 [0.06759788 0.53719988 0.39520225]
 [0.24395801 0.49533586 0.26070612]
 [0.17264859 0.37794654 0.44940487]
 [0.21849984 0.6452246  0.13627556]
 [0.0969203  0.79764299 0.10543671]
 [0.40222388 0.4921399  0.10563622]
 [0.11113301 0.76992194 0.11894505]
 [0.10474746 0.20132707 0.69392547]
 [0.1007466  0.60065893 0.29859446]
 [0.14197044 0.28516517 0.57286438]
 [0.05476644 0.59345328 0.35178028]
 [0.82894648 0.13512111 0.03593241]
 [0.05498925 0.62508592 0.31992483]
 [0.05965415 0.57688022 0.36346563]
 [0.08433906 0.67062372 0.24503721]
 [0.27867103 0.63602116 0.08530781]
 [0.06648571 0.6116317  0.32188258]
 [0.21120059 0.71136674 0.07743267]
 [0.06184407 0.70100486 0.23715107]
 [0.05518216 0.33496108 0.60985676]
 [0.06372932 0.69280529 0.2434654 ]
 [0.06620941 0.62522725 0.30856334]
 [0.8470305  0.11843791 0.03453159]
 [0.08926876 0.38666837 0.52406287]
 [0.11344361 0.52524389 0.3613125 ]
 [0.05911814 0.52548896 0.41539289]
 [0.54494511 0.40605628 0.04899861]
 [0.30963452 0.58648892 0.10387657]
 [0.16402529 0.68810822 0.14786649]
 [0.35880658 0.46011999 0.18107343]
 [0.26786573 0.6579431  0.07419117]
 [0.08051273 0.65668521 0.26280206]
 [0.05520082 0.57048187 0.37431731]
 [0.79820783 0.15804708 0.04374509]
 [0.07558571 0.76754079 0.1568735 ]
 [0.0598415  0.67029884 0.26985966]
 [0.58600503 0.34409734 0.06989763]
 [0.10003581 0.54327864 0.35668555]
 [0.14286228 0.61628946 0.24084827]
 [0.09879005 0.79024414 0.1109658 ]
 [0.1726553  0.74492955 0.08241516]
 [0.88664491 0.08395491 0.02940018]
 [0.51750293 0.40129695 0.08120012]
 [0.09870706 0.74714689 0.15414605]
 [0.11601359 0.49162216 0.39236425]
 [0.12788308 0.56139814 0.31071879]
 [0.64212523 0.2619081  0.09596667]
 [0.05719587 0.58467476 0.35812936]
 [0.05212198 0.43768755 0.51019047]
 [0.06147359 0.60419467 0.33433173]
 [0.83528682 0.13211617 0.03259701]
 [0.09573207 0.78046159 0.12380634]
 [0.08586326 0.72607795 0.18805879]
 [0.47626937 0.4337778  0.08995283]
 [0.08301705 0.67155497 0.24542798]
 [0.05749778 0.57547738 0.36702484]
 [0.45841681 0.43808727 0.10349592]
 [0.05334266 0.65258582 0.29407153]
 [0.11816067 0.69349796 0.18834136]
 [0.86768673 0.10581912 0.02649415]
 [0.06520311 0.61929824 0.31549865]
 [0.06071811 0.58202837 0.35725352]
 [0.12942092 0.63530676 0.23527232]
 [0.15998178 0.51441299 0.32560523]
 [0.0710716  0.74678885 0.18213955]
 [0.0642848  0.43324143 0.50247377]
 [0.22717763 0.72026897 0.0525534 ]
 [0.07599678 0.74545682 0.17854639]
 [0.27664938 0.65571307 0.06763755]
 [0.12025469 0.71111145 0.16863386]
 [0.04955538 0.51072651 0.43971812]
 [0.08322299 0.5962025  0.32057451]
 [0.73823669 0.21658995 0.04517335]
 [0.05852022 0.59433898 0.3471408 ]
 [0.13871169 0.55545688 0.30583143]
 [0.08637158 0.50088426 0.41274416]
 [0.07113675 0.43064686 0.49821639]
 [0.11056309 0.50768598 0.38175093]
 [0.07660493 0.76833352 0.15506155]
 [0.05237831 0.49382811 0.45379358]
 [0.11143493 0.77784718 0.11071788]
 [0.08574545 0.74211952 0.17213503]
 [0.15886675 0.38065838 0.46047487]
 [0.05659978 0.6150109  0.32838932]
 [0.31305081 0.57025772 0.11669147]
 [0.44669355 0.40507241 0.14823403]
 [0.1841031  0.33608663 0.47981027]
 [0.64312634 0.278223   0.07865066]
 [0.11642916 0.74081013 0.14276072]
 [0.06515774 0.46401369 0.47082857]
 [0.12851866 0.66901723 0.20246411]
 [0.33115631 0.56203239 0.1068113 ]
 [0.36360789 0.57151285 0.06487926]
 [0.31292761 0.44836057 0.23871182]
 [0.17415875 0.36704671 0.45879453]
 [0.87258131 0.09737847 0.03004022]
 [0.0882656  0.72904468 0.18268972]
 [0.06187191 0.59686727 0.34126082]
 [0.0489465  0.66191995 0.28913356]
 [0.14483987 0.46362746 0.39153268]
 [0.2870672  0.63723068 0.07570212]
 [0.16500358 0.54119904 0.29379738]
 [0.09382226 0.64680113 0.25937661]
 [0.0773539  0.66110797 0.26153813]
 [0.71060341 0.2511589  0.03823769]
 [0.55486364 0.32668636 0.11845   ]
 [0.17475099 0.40921954 0.41602947]
 [0.85666546 0.11146326 0.03187128]
 [0.06904554 0.66159489 0.26935958]
 [0.52307504 0.27462193 0.20230302]
 [0.08164044 0.54745119 0.37090837]
 [0.11906443 0.77403777 0.10689779]
 [0.13228332 0.56803924 0.29967744]
 [0.07544463 0.60024563 0.32430974]
 [0.06472573 0.52044054 0.41483372]
 [0.07949283 0.63964839 0.28085877]
 [0.87259074 0.09949137 0.02791789]
 [0.08155211 0.64097529 0.27747261]
 [0.07224691 0.57288734 0.35486574]
 [0.15831566 0.73208049 0.10960386]
 [0.76062836 0.16665195 0.07271969]
 [0.10703244 0.47402713 0.41894043]
 [0.63631172 0.3005405  0.06314778]
 [0.06484607 0.73816798 0.19698595]
 [0.14537447 0.63746302 0.21716251]
 [0.06767717 0.78888855 0.14343428]
 [0.10376618 0.61629617 0.27993765]
 [0.06074916 0.57894011 0.36031073]
 [0.05915641 0.71374252 0.22710107]
 [0.26384177 0.29891525 0.43724297]
 [0.11242946 0.40029626 0.48727428]
 [0.08606074 0.40005206 0.5138872 ]
 [0.04726704 0.59508145 0.35765151]
 [0.81006263 0.13453733 0.05540004]
 [0.04649978 0.59451012 0.35899009]
 [0.09162527 0.47048543 0.4378893 ]
 [0.08281764 0.66856391 0.24861845]
 [0.15595776 0.51111663 0.33292562]
 [0.05587881 0.74673979 0.1973814 ]
 [0.05808718 0.54595441 0.39595841]
 [0.06906102 0.66230937 0.26862961]
 [0.12712961 0.53126868 0.34160171]
 [0.8341521  0.12849383 0.03735408]
 [0.32190036 0.47530285 0.20279679]
 [0.10935207 0.63070924 0.25993868]
 [0.07122542 0.7588338  0.16994078]
 [0.35231309 0.52217476 0.12551215]
 [0.12744877 0.74681233 0.1257389 ]
 [0.05993879 0.47096663 0.46909458]
 [0.09822377 0.49023274 0.41154349]]","['% On Campus 10/30/20', 'CARES ESSER I 20', '% Tested Math G8 Diff', '% Reduced-price Lunch Diff', '% Black Diff', '% Asian Diff', 'Median Age 10', 'CRRSA ESSER II 21', 'ARP ESSER III 21', '% Prek Diff', '% On Campus 09/28/20', '% Hispanic Diff', '% Grades 9-12 Diff', '% Grades 1-8 Diff', '% ADA Diff', 'Median Age Male 10', 'Median Age Female 10', 'Avg Household Size 10', 'Avg Family Size 10', '% White Diff', '% Tested Math G7 Diff', '% Tested Math G6 Diff', '% Tested Math G5 Diff', '% Tested Math G3 Diff', '% On Campus 01/29/21', '% Kinder Diff', '% HH Married-noChild 10', '% County Infected 09/28/20', '# of Households 10', 'Total Students Diff', 'Teachers:Students Diff', 'Staff:Students Diff', 'Labor Force Diff', 'County Population', '% Tested Math G4 Diff', '% County Infected 10/30/20', '% Black Pop 10', '# of Housing Units 10', '# of Families 10', '% White Pop 10', '% Hispanic Pop 10', '% Free Lunch Diff', '% County Infected 01/29/21', '% Age 65-74 Pop 10', '% Age 0-4 Pop 10']",<catboost.core.CatBoostClassifier object at 0x0000019F87D22C80>,"              precision    recall  f1-score   support

           0       0.76      0.54      0.63        41
           1       0.64      0.87      0.74       103
           2       0.59      0.28      0.38        47

    accuracy                           0.65       191
   macro avg       0.66      0.56      0.58       191
weighted avg       0.65      0.65      0.63       191
",2.5625,913.7893998622894,100
9,CatBoost,90,No Reduction,"{'random_strength': 0, 'min_data_in_leaf': 5, 'learning_rate': 0.01, 'l2_leaf_reg': 0.1, 'iterations': 100, 'depth': 6}",0.6243034055727554,0.743455497382199,0.643979057591623,0.7010017905305863,0.643979057591623,0.37675837925089656,0.586391387805491,"[[22 18  1]
 [ 8 95  0]
 [ 0 41  6]]","[[1]
 [1]
 [1]
 [1]
 [1]
 [0]
 [1]
 [1]
 [1]
 [1]
 [1]
 [1]
 [2]
 [0]
 [1]
 [1]
 [1]
 [1]
 [1]
 [1]
 [1]
 [1]
 [1]
 [1]
 [1]
 [1]
 [1]
 [1]
 [1]
 [1]
 [0]
 [1]
 [1]
 [1]
 [1]
 [0]
 [1]
 [1]
 [1]
 [0]
 [1]
 [1]
 [1]
 [1]
 [1]
 [1]
 [1]
 [1]
 [2]
 [1]
 [2]
 [1]
 [0]
 [1]
 [1]
 [1]
 [1]
 [1]
 [1]
 [1]
 [1]
 [1]
 [1]
 [0]
 [1]
 [1]
 [1]
 [1]
 [1]
 [1]
 [1]
 [1]
 [1]
 [1]
 [0]
 [1]
 [1]
 [0]
 [1]
 [1]
 [1]
 [1]
 [0]
 [0]
 [1]
 [1]
 [1]
 [0]
 [1]
 [1]
 [1]
 [0]
 [1]
 [1]
 [0]
 [1]
 [1]
 [0]
 [1]
 [1]
 [0]
 [1]
 [1]
 [1]
 [1]
 [1]
 [1]
 [1]
 [1]
 [1]
 [1]
 [1]
 [1]
 [0]
 [1]
 [1]
 [1]
 [1]
 [1]
 [1]
 [1]
 [1]
 [1]
 [1]
 [1]
 [1]
 [0]
 [2]
 [0]
 [1]
 [1]
 [1]
 [1]
 [1]
 [1]
 [2]
 [0]
 [1]
 [1]
 [1]
 [1]
 [1]
 [1]
 [1]
 [1]
 [0]
 [0]
 [1]
 [0]
 [1]
 [0]
 [1]
 [1]
 [1]
 [1]
 [1]
 [1]
 [0]
 [1]
 [1]
 [1]
 [0]
 [1]
 [0]
 [1]
 [1]
 [1]
 [1]
 [1]
 [1]
 [2]
 [1]
 [2]
 [1]
 [0]
 [1]
 [1]
 [1]
 [1]
 [1]
 [1]
 [1]
 [1]
 [0]
 [0]
 [1]
 [1]
 [1]
 [1]
 [1]
 [1]]","[[0.21949151 0.49100265 0.28950584]
 [0.17949496 0.52353489 0.29697015]
 [0.24968177 0.41004803 0.3402702 ]
 [0.18535504 0.43322654 0.38141842]
 [0.17942684 0.45724364 0.36332952]
 [0.63383911 0.22667692 0.13948397]
 [0.1619836  0.56694273 0.27107368]
 [0.18040873 0.46830568 0.35128559]
 [0.22340964 0.58782274 0.18876762]
 [0.15869933 0.5516685  0.28963217]
 [0.17688036 0.42940051 0.39371913]
 [0.23899101 0.4452819  0.31572709]
 [0.2016053  0.39779073 0.40060398]
 [0.67476668 0.19590246 0.12933085]
 [0.20645122 0.43005042 0.36349836]
 [0.18133915 0.52689998 0.29176087]
 [0.16406153 0.5071308  0.32880767]
 [0.1693058  0.46596428 0.36472991]
 [0.18633967 0.48281675 0.33084358]
 [0.19468668 0.43879559 0.36651772]
 [0.22534283 0.45001541 0.32464176]
 [0.20013473 0.59326802 0.20659725]
 [0.19721894 0.42019929 0.38258178]
 [0.18141473 0.53665661 0.28192866]
 [0.1974741  0.42063221 0.38189369]
 [0.18248659 0.46186308 0.35565033]
 [0.19516697 0.4172369  0.38759614]
 [0.18587015 0.50013098 0.31399887]
 [0.19807407 0.49282886 0.30909708]
 [0.16776188 0.46379031 0.36844781]
 [0.60060718 0.25242398 0.14696884]
 [0.21508274 0.51590382 0.26901343]
 [0.18502099 0.572539   0.24244001]
 [0.27016223 0.46507978 0.26475799]
 [0.22121772 0.43389876 0.34488352]
 [0.40758306 0.33737951 0.25503743]
 [0.16317057 0.54772736 0.28910207]
 [0.31372584 0.39670715 0.28956702]
 [0.17207464 0.61112775 0.21679761]
 [0.6770408  0.19224972 0.13070948]
 [0.16976443 0.50991719 0.32031838]
 [0.18160748 0.4779467  0.34044582]
 [0.23668594 0.453399   0.30991506]
 [0.21722274 0.40461084 0.37816641]
 [0.21986794 0.51496245 0.26516962]
 [0.17844401 0.60521134 0.21634465]
 [0.37078228 0.40439827 0.22481946]
 [0.21290618 0.57192266 0.21517116]
 [0.21212718 0.3209498  0.46692302]
 [0.17809719 0.49164422 0.33025859]
 [0.23009091 0.37827262 0.39163647]
 [0.17434155 0.46915952 0.35649893]
 [0.61826751 0.23856203 0.14317046]
 [0.1616473  0.52387967 0.31447303]
 [0.16897826 0.49880294 0.33221881]
 [0.17554075 0.5046308  0.31982845]
 [0.26988974 0.54057648 0.18953378]
 [0.18279146 0.49852882 0.31867972]
 [0.25095794 0.55873486 0.1903072 ]
 [0.1756008  0.54289984 0.28149936]
 [0.16264625 0.47922174 0.35813201]
 [0.16591409 0.54718184 0.28690408]
 [0.17688611 0.49433355 0.32878034]
 [0.65201396 0.21020047 0.13778557]
 [0.21987053 0.41106525 0.36906422]
 [0.19231395 0.46257371 0.34511234]
 [0.16410796 0.46167443 0.37421762]
 [0.3706399  0.4616238  0.1677363 ]
 [0.32519997 0.45473599 0.22006404]
 [0.24902325 0.53784217 0.21313459]
 [0.26014957 0.44866459 0.29118584]
 [0.3158155  0.50677972 0.17740477]
 [0.18028015 0.53557653 0.28414332]
 [0.16334826 0.50808216 0.32856958]
 [0.62880254 0.23017338 0.14102407]
 [0.16938492 0.58540555 0.24520953]
 [0.17620225 0.48825134 0.33554642]
 [0.43043621 0.38074442 0.18881937]
 [0.1838977  0.45825262 0.35784968]
 [0.1854921  0.48481996 0.32968795]
 [0.1819048  0.59251116 0.22558404]
 [0.22460151 0.58990952 0.18548896]
 [0.68312317 0.18351933 0.1333575 ]
 [0.54008156 0.30549117 0.15442728]
 [0.17558594 0.56809613 0.25631793]
 [0.19018469 0.4654136  0.34440171]
 [0.19677258 0.45564513 0.34758229]
 [0.54728977 0.27866393 0.1740463 ]
 [0.16915396 0.46590946 0.36493658]
 [0.17182782 0.46282905 0.36534313]
 [0.17731816 0.51045133 0.31223052]
 [0.64637909 0.21765609 0.13596482]
 [0.18091308 0.59535029 0.22373663]
 [0.19945885 0.51597484 0.28456631]
 [0.40428393 0.39522549 0.20049058]
 [0.16855123 0.55761162 0.27383715]
 [0.18226303 0.47789351 0.33984345]
 [0.40667173 0.39600091 0.19732736]
 [0.17648572 0.50161001 0.32190426]
 [0.19408185 0.5503641  0.25555405]
 [0.66752424 0.20199984 0.13047592]
 [0.18023587 0.50380761 0.31595652]
 [0.16587449 0.50452677 0.32959874]
 [0.19289232 0.55275632 0.25435136]
 [0.20819001 0.4483086  0.34350139]
 [0.18239696 0.52744985 0.2901532 ]
 [0.17656305 0.46366916 0.35976778]
 [0.22965957 0.59461043 0.17573   ]
 [0.17508608 0.55921531 0.26569861]
 [0.29345294 0.53238294 0.17416412]
 [0.17998157 0.57953918 0.24047925]
 [0.17083595 0.45559744 0.37356661]
 [0.17442507 0.52186195 0.30371298]
 [0.64137315 0.21474267 0.14388418]
 [0.15901429 0.52391679 0.31706891]
 [0.21520634 0.42569115 0.35910251]
 [0.18409324 0.48518595 0.33072081]
 [0.17752491 0.43418825 0.38828684]
 [0.23796559 0.42095015 0.34108426]
 [0.18630476 0.58033907 0.23335617]
 [0.16948862 0.49110217 0.33940921]
 [0.18890705 0.60126942 0.20982352]
 [0.17067878 0.5383393  0.29098192]
 [0.22093764 0.40245086 0.3766115 ]
 [0.1745746  0.48795546 0.33746993]
 [0.30238271 0.49956921 0.19804808]
 [0.39313303 0.37735475 0.22951222]
 [0.25042367 0.33595365 0.41362267]
 [0.59599075 0.22013563 0.18387363]
 [0.19549635 0.55442577 0.25007787]
 [0.17816585 0.44519064 0.37664351]
 [0.20886188 0.48375088 0.30738724]
 [0.33494268 0.43404593 0.23101138]
 [0.24525885 0.55013908 0.20460207]
 [0.28564767 0.43004655 0.28430578]
 [0.27930026 0.35132103 0.36937871]
 [0.64758743 0.21757206 0.13484051]
 [0.17859944 0.54162416 0.2797764 ]
 [0.17397952 0.48540588 0.3406146 ]
 [0.16074028 0.53844019 0.30081953]
 [0.20368049 0.43288792 0.36343159]
 [0.3578238  0.46912114 0.17305506]
 [0.27190177 0.41986303 0.3082352 ]
 [0.2025059  0.51932693 0.27816717]
 [0.1822505  0.48796374 0.32978576]
 [0.45513258 0.37250818 0.17235924]
 [0.5293631  0.29614062 0.17449628]
 [0.25087392 0.38627121 0.36285487]
 [0.66724249 0.19885297 0.13390453]
 [0.1662407  0.52172867 0.31203063]
 [0.47864396 0.31216748 0.20918856]
 [0.17537422 0.43174899 0.3928768 ]
 [0.1896543  0.59020863 0.22013707]
 [0.22205974 0.45660721 0.32133305]
 [0.18147579 0.48293709 0.33558712]
 [0.18436406 0.46721825 0.34841768]
 [0.18011496 0.50037572 0.31950933]
 [0.66347057 0.20211744 0.13441199]
 [0.16677638 0.51712899 0.31609463]
 [0.17338589 0.5078581  0.31875602]
 [0.19577325 0.58720732 0.21701944]
 [0.58671668 0.25015044 0.16313288]
 [0.19850058 0.40893872 0.3925607 ]
 [0.50308616 0.33369204 0.16322179]
 [0.1775462  0.54048995 0.28196385]
 [0.20194322 0.4959603  0.30209648]
 [0.18473302 0.5623145  0.25295248]
 [0.2047784  0.47345133 0.32177027]
 [0.17806204 0.48317923 0.33875874]
 [0.1637664  0.55261594 0.28361766]
 [0.29531026 0.294555   0.41013474]
 [0.22150737 0.39601104 0.38248158]
 [0.19927226 0.38311949 0.41760825]
 [0.15813974 0.54033038 0.30152988]
 [0.66520315 0.19988492 0.13491193]
 [0.16583273 0.48394783 0.35021944]
 [0.20907561 0.42738765 0.36353674]
 [0.17523032 0.52067633 0.30409335]
 [0.21529476 0.39973423 0.38497101]
 [0.15939559 0.57780031 0.2628041 ]
 [0.17389337 0.48282809 0.34327854]
 [0.17172531 0.52662431 0.30165038]
 [0.1955607  0.4593258  0.3451135 ]
 [0.65183073 0.21436888 0.13380039]
 [0.37758239 0.36851746 0.25390014]
 [0.17937827 0.50294626 0.31767546]
 [0.17801741 0.55580838 0.2661742 ]
 [0.28728273 0.48050165 0.23221561]
 [0.21951617 0.55088332 0.22960051]
 [0.17184636 0.50801736 0.32013628]
 [0.18797209 0.42552108 0.38650683]]","['Labor Force Diff', 'Employed Diff', 'Unemployed Level Diff', 'Unemployed Rate Diff', 'Median Age 10', 'Median Age Male 10', 'Median Age Female 10', '# of Households 10', 'Avg Household Size 10', '# of Families 10', 'Avg Family Size 10', '# of Housing Units 10', 'County Population', 'CARES ESSER I 20', 'CRRSA ESSER II 21', 'ARP ESSER III 21', 'ESSER-SUPP 22', 'ESSER-SUPP 23', '% County Infected 09/28/20', '% County Deaths 09/28/20', '% County Infected 10/30/20', '% County Deaths 10/30/20', '% County Infected 01/29/21', '% County Deaths 01/29/21', '% On Campus 09/28/20', '% On Campus 10/30/20', '% On Campus 01/29/21', '% White Pop 10', '% Black Pop 10', '% Asian Pop 10', '% Hispanic Pop 10', '% Male Pop 10', '% Female Pop 10', '% Age 0-4 Pop 10', '% Age 5-9 Pop 10', '% Age 10-14 Pop 10', '% Age 15-19 Pop 10', '% Age 20-24 Pop 10', '% Age 25-34 Pop 10', '% Age 35-44 Pop 10', '% Age 45-54 Pop 10', '% Age 55-64 Pop 10', '% Age 65-74 Pop 10', '% Age 75-84 Pop 10', '% Age 85-Up Pop 10', '% HH 1 Male 10', '% HH 1 Female 10', '% HH Married-Child 10', '% HH Married-noChild 10', '% HH Male-Child 10', '% HH Female-Child 10', '% Housing Vacant 10', '% Housing Owner Occup 10', '% Housing Renter Occup 10', 'Total Schools Diff', 'Total Students Diff', '% Operational Schools Diff', '% Title 1 School-wide Diff', '% Title 1 Eligible Diff', 'Teachers:Students Diff', 'Staff:Students Diff', '% Free Lunch Diff', '% Reduced-price Lunch Diff', '% Asian Diff', '% Hispanic Diff', '% Black Diff', '% White Diff', '% Grades 1-8 Diff', '% Grades 9-12 Diff', '% Prek Diff', '% Kinder Diff', '% ADA Diff', '% Tested Math G3 Diff', '% Tested Math G4 Diff', '% Tested Math G5 Diff', '% Tested Math G6 Diff', '% Tested Math G7 Diff', '% Tested Math G8 Diff', 'Locale_11-City: Large', 'Locale_12-City: Mid-size', 'Locale_13-City: Small', 'Locale_21-Suburb: Large', 'Locale_22-Suburb: Mid-size', 'Locale_23-Suburb: Small', 'Locale_31-Town: Fringe', 'Locale_32-Town: Distant', 'Locale_33-Town: Remote', 'Locale_41-Rural: Fringe', 'Locale_42-Rural: Distant', 'Locale_43-Rural: Remote']",<catboost.core.CatBoostClassifier object at 0x0000019F87D79A20>,"              precision    recall  f1-score   support

           0       0.73      0.54      0.62        41
           1       0.62      0.92      0.74       103
           2       0.86      0.13      0.22        47

    accuracy                           0.64       191
   macro avg       0.74      0.53      0.53       191
weighted avg       0.70      0.64      0.59       191
",14.265625,1445.9552428722382,100
28,LightGBM,70,Permutation Importance - Random Forest,"{'reg_lambda': 0, 'reg_alpha': 0, 'n_estimators': 200, 'min_sum_hessian_in_leaf': 0.001, 'min_split_gain': 0.1, 'max_depth': 1, 'learning_rate': 0.3}",0.628250773993808,0.6740837696335078,0.643979057591623,0.662391137774357,0.643979057591623,0.37156175418661225,0.6006482174021441,"[[21 18  2]
 [ 8 93  2]
 [ 0 38  9]]","[1 1 1 1 1 0 1 1 1 1 1 1 1 0 1 1 1 1 1 1 1 1 2 1 1 1 1 1 1 1 0 1 1 1 1 1 1
 1 1 0 1 1 1 2 1 1 0 1 2 2 2 1 0 1 1 1 1 1 1 1 2 1 1 0 2 2 1 0 1 1 1 1 1 1
 0 1 1 0 1 1 1 1 0 0 1 1 1 0 1 1 1 0 1 1 0 1 1 0 1 1 0 1 1 1 1 1 1 1 1 1 1
 1 1 0 1 1 1 1 1 1 1 1 1 2 1 1 1 2 0 1 1 1 1 1 1 2 0 1 1 1 1 1 1 1 1 0 0 2
 0 1 0 1 1 1 1 1 1 0 1 1 1 0 1 0 1 1 1 1 1 1 2 1 1 1 0 1 1 1 1 1 1 1 1 0 1
 1 1 1 1 1 1]","[[0.14193191 0.67339012 0.18467797]
